636.54 
51 1 0.0 56.0   42 19 40 41 
51 2 0.0 50.0   18 4 
51 3 0.0 51.0   25 13 
52 1 0.0 74.0   27 46 12 47 
52 2 0.0 77.0   14 24 43 7 23 
52 3 0.0 73.0   6 48 26 31 8 
53 1 0.0 73.0   38 11 5 49 
53 2 0.0 80.0   39 30 34 50 9 
53 3 0.0 76.0   37 17 44 15 45 33 10 
54 1 0.0 67.0   35 36 3 20 
54 2 0.0 23.0   21 16 
54 3 0.0 77.0   29 2 32 1 22 28 

608.82 
51 1 0.0 56.0   42 19 40 41 
51 2 0.0 78.0   44 37 17 18 4 
51 3 0.0 72.0   13 25 14 
52 1 0.0 59.0   46 12 47 
52 2 0.0 71.0   6 24 43 7 23 
52 3 0.0 74.0   27 48 8 1 32 
53 1 0.0 70.0   38 11 16 50 9 
53 2 0.0 68.0   34 30 10 49 
53 3 0.0 78.0   39 33 45 15 5 
54 1 0.0 73.0   35 36 3 20 29 
54 2 0.0 78.0   28 31 26 22 2 21 

620.99 
51 1 0.0 56.0   42 19 40 41 
51 2 0.0 78.0   4 18 17 37 44 
51 3 0.0 51.0   25 13 
52 1 0.0 80.0   47 12 5 46 
52 2 0.0 70.0   8 26 31 28 22 1 
52 3 0.0 78.0   6 48 27 32 11 
52 4 0.0 77.0   23 7 43 24 14 
53 1 0.0 69.0   39 30 34 50 
53 2 0.0 18.0   49 
53 3 0.0 74.0   10 33 45 15 38 9 
54 1 0.0 53.0   2 16 21 
54 2 0.0 73.0   35 36 3 20 29 

638.40 
51 1 0.0 56.0   42 19 40 41 
51 2 0.0 37.0   44 37 17 4 
51 3 0.0 72.0   14 25 13 
52 1 0.0 66.0   47 18 
52 2 0.0 71.0   23 7 43 24 6 
52 3 0.0 80.0   1 31 26 8 48 27 
52 4 0.0 46.0   32 46 12 
53 1 0.0 29.0   9 49 
53 2 0.0 74.0   10 39 30 34 50 
53 3 0.0 79.0   38 5 15 45 33 
54 1 0.0 51.0   20 36 35 
54 2 0.0 36.0   2 29 
54 3 0.0 80.0   21 16 11 22 28 3 

599.85 
51 1 0.0 79.0   42 19 40 41 13 
51 2 0.0 78.0   44 37 17 18 4 
52 1 0.0 73.0   24 43 7 23 48 
52 2 0.0 70.0   8 26 31 28 22 1 
52 3 0.0 59.0   46 12 47 
52 4 0.0 79.0   27 6 14 25 
53 1 0.0 36.0   5 38 
53 2 0.0 66.0   30 34 50 9 
53 3 0.0 80.0   15 45 33 39 10 49 
54 1 0.0 73.0   29 35 36 3 20 
54 2 0.0 8.0   21 
54 3 0.0 76.0   2 32 11 16 

618.29 
51 1 0.0 79.0   4 18 19 40 42 
51 2 0.0 71.0   44 45 33 15 37 17 
51 3 0.0 78.0   25 13 41 
52 1 0.0 54.0   47 12 
52 2 0.0 73.0   48 7 26 8 1 
52 3 0.0 73.0   14 24 43 23 6 
52 4 0.0 51.0   46 11 32 27 
53 1 0.0 80.0   49 9 16 38 5 
53 2 0.0 74.0   10 39 30 34 50 
54 1 0.0 67.0   35 36 3 20 
54 2 0.0 77.0   2 22 31 28 29 21 

625.74 
51 1 0.0 56.0   42 19 40 41 
51 2 0.0 78.0   4 18 17 37 44 
51 3 0.0 51.0   25 13 
52 1 0.0 59.0   47 12 46 
52 2 0.0 30.0   27 6 
52 3 0.0 77.0   23 7 43 24 14 
52 4 0.0 79.0   48 8 26 31 28 1 
53 1 0.0 18.0   49 
53 2 0.0 71.0   9 50 34 30 10 
53 3 0.0 78.0   5 15 45 33 39 
54 1 0.0 36.0   2 29 
54 2 0.0 67.0   20 3 36 35 
54 3 0.0 77.0   21 16 38 11 32 22 

638.48 
51 1 0.0 56.0   42 19 40 41 
51 2 0.0 78.0   4 18 17 37 44 
51 3 0.0 51.0   25 13 
52 1 0.0 51.0   46 11 32 27 
52 2 0.0 66.0   48 7 26 8 
52 3 0.0 73.0   6 23 43 24 14 
52 4 0.0 54.0   12 47 
53 1 0.0 56.0   30 39 10 49 
53 2 0.0 62.0   9 16 50 34 
53 3 0.0 79.0   38 5 15 45 33 
54 1 0.0 73.0   35 36 3 20 29 
54 2 0.0 8.0   21 
54 3 0.0 70.0   28 31 22 1 2 

647.66 
51 1 0.0 56.0   41 40 19 42 
51 2 0.0 78.0   44 37 17 18 4 
51 3 0.0 72.0   14 25 13 
52 1 0.0 71.0   46 8 26 7 48 
52 2 0.0 77.0   23 43 24 6 47 
52 3 0.0 63.0   12 32 1 27 
53 1 0.0 52.0   49 38 11 
53 2 0.0 75.0   9 34 30 39 10 
53 3 0.0 64.0   33 45 15 5 
54 1 0.0 63.0   2 16 50 21 
54 2 0.0 28.0   20 
54 3 0.0 78.0   22 31 28 3 36 35 29 

625.56 
51 1 0.0 79.0   42 19 40 41 13 
51 2 0.0 57.0   44 37 12 17 
51 3 0.0 50.0   18 4 
52 1 0.0 79.0   46 32 8 26 48 27 
52 2 0.0 71.0   23 7 43 24 6 
52 3 0.0 74.0   14 25 47 
53 1 0.0 60.0   9 16 11 38 
53 2 0.0 78.0   49 10 30 34 50 
53 3 0.0 78.0   39 33 45 15 5 
54 1 0.0 8.0   21 
54 2 0.0 73.0   29 20 3 36 35 
54 3 0.0 70.0   28 31 22 1 2 

