499.72 
51 1 0.0 129.0   4 18 13 41 40 19 42 
51 2 0.0 82.0   44 37 12 47 17 
52 1 0.0 121.0   46 11 32 1 22 28 31 26 8 27 
52 2 0.0 137.0   48 23 7 43 24 25 14 6 
53 1 0.0 18.0   49 
53 2 0.0 154.0   34 30 10 39 33 45 15 5 38 9 
54 1 0.0 136.0   29 21 50 16 2 3 36 35 20 

541.16 
52 1 0.0 152.0   23 43 24 14 25 18 47 
52 2 0.0 156.0   27 48 6 13 41 40 19 4 12 46 
53 1 0.0 156.0   21 34 30 10 39 33 45 15 44 42 17 37 
53 2 0.0 158.0   9 50 16 2 1 32 11 38 5 49 
54 1 0.0 155.0   29 22 8 7 26 31 28 3 36 35 20 

496.57 
51 1 0.0 88.0   42 19 40 41 13 4 
51 2 0.0 71.0   44 45 33 15 37 17 
52 1 0.0 154.0   46 11 32 8 26 7 43 24 23 48 27 
52 2 0.0 159.0   6 14 25 18 47 12 
53 1 0.0 154.0   38 5 49 10 39 30 34 50 16 9 
54 1 0.0 151.0   21 29 2 1 22 31 28 3 36 35 20 

508.93 
51 1 0.0 129.0   4 18 13 41 40 19 42 
51 2 0.0 71.0   17 37 15 33 45 44 
52 1 0.0 159.0   5 38 11 32 8 31 26 7 48 27 
52 2 0.0 160.0   6 23 43 24 14 25 47 12 46 
53 1 0.0 103.0   49 9 50 34 30 39 10 
54 1 0.0 155.0   29 21 16 2 1 22 28 3 36 35 20 

494.98 
51 1 0.0 79.0   13 41 40 19 42 
51 2 0.0 132.0   44 37 17 12 47 18 4 
52 1 0.0 138.0   27 48 8 26 31 28 22 1 32 11 46 
52 2 0.0 120.0   6 23 7 43 24 25 14 
53 1 0.0 18.0   49 
53 2 0.0 154.0   34 30 10 39 33 45 15 5 38 9 
54 1 0.0 136.0   20 35 36 3 2 16 50 21 29 

556.26 
51 1 0.0 159.0   19 40 41 13 25 24 43 23 47 17 
51 2 0.0 160.0   42 12 27 48 6 14 18 4 
52 1 0.0 155.0   46 50 21 34 30 10 39 33 45 15 44 37 
53 1 0.0 148.0   9 16 2 1 32 11 38 5 49 
54 1 0.0 155.0   29 22 8 7 26 31 28 3 36 35 20 

490.09 
51 1 0.0 129.0   4 18 13 41 40 19 42 
52 1 0.0 134.0   27 48 26 8 1 32 11 12 46 
52 2 0.0 145.0   6 23 7 43 24 14 25 47 
53 1 0.0 66.0   30 34 50 9 
53 2 0.0 144.0   49 38 5 37 17 44 15 45 33 39 10 
54 1 0.0 159.0   20 35 36 3 28 31 22 2 16 21 29 

504.96 
51 1 0.0 129.0   4 18 13 41 40 19 42 
51 2 0.0 71.0   44 45 33 15 37 17 
52 1 0.0 121.0   1 22 28 31 8 26 7 48 27 
52 2 0.0 160.0   6 23 43 24 14 25 47 12 46 
53 1 0.0 147.0   38 5 49 10 39 30 34 21 50 9 
54 1 0.0 149.0   20 35 36 3 2 32 11 16 29 

511.11 
51 1 0.0 129.0   4 18 13 41 40 19 42 
51 2 0.0 71.0   44 45 33 15 37 17 
52 1 0.0 106.0   27 8 28 31 26 7 48 
52 2 0.0 160.0   6 23 43 24 14 25 47 12 46 
53 1 0.0 154.0   9 16 50 34 30 39 10 49 5 38 
54 1 0.0 157.0   20 35 36 3 22 1 32 11 2 29 21 

517.76 
51 1 0.0 88.0   42 19 40 41 13 4 
51 2 0.0 71.0   17 37 15 33 45 44 
52 1 0.0 160.0   46 12 11 32 27 8 26 7 23 6 
52 2 0.0 153.0   48 43 24 14 25 18 47 
53 1 0.0 18.0   49 
53 2 0.0 144.0   38 5 10 39 30 34 21 16 50 9 
54 1 0.0 143.0   29 2 1 22 31 28 3 36 35 20 

