6159.99 
161 1 0.0 40.0   8 16 13 5 
161 2 0.0 54.0   4 12 20 28 36 33 25 17 9 18 10 
161 3 0.0 36.0   7 22 14 6 
161 4 0.0 51.0   2 3 11 19 34 26 1 
162 1 0.0 60.0   58 69 100 59 74 24 32 40 158 75 64 118 80 72 31 23 15 39 30 73 38 76 66 57 65 
162 2 0.0 35.0   50 54 71 78 52 55 
162 3 0.0 48.0   44 47 42 45 
162 4 0.0 48.0   41 43 48 46 
162 5 0.0 53.0   51 56 62 60 53 61 63 70 79 68 49 
163 1 0.0 27.0   89 91 114 98 112 109 111 
163 2 0.0 40.0   90 92 96 93 95 
163 3 0.0 44.0   87 94 104 101 103 85 
163 4 0.0 48.0   82 84 86 88 
163 5 0.0 55.0   110 106 108 97 99 67 77 116 113 105 107 115 102 120 117 119 81 83 
164 1 0.0 39.0   21 156 37 29 27 35 153 160 159 145 150 152 148 151 137 142 144 155 154 157 
164 2 0.0 40.0   132 135 131 130 133 
164 3 0.0 48.0   122 125 124 127 
164 4 0.0 48.0   121 126 128 123 
164 5 0.0 50.0   140 143 147 146 149 129 134 136 139 138 141 

6025.21 
161 1 0.0 44.0   7 15 8 5 
161 2 0.0 57.0   9 18 26 34 33 25 17 36 28 20 12 14 6 
161 3 0.0 12.0   4 
161 4 0.0 44.0   3 10 2 1 
162 1 0.0 60.0   67 66 74 31 30 39 77 110 118 72 80 108 116 75 24 16 23 22 38 73 65 57 59 64 78 76 79 
162 2 0.0 40.0   50 53 54 52 55 
162 3 0.0 48.0   44 47 42 45 
162 4 0.0 48.0   41 43 48 46 
162 5 0.0 50.0   58 61 70 68 71 49 51 56 62 60 63 
163 1 0.0 30.0   89 91 98 100 112 109 111 
163 2 0.0 40.0   90 92 96 93 95 
163 3 0.0 44.0   87 94 104 101 103 85 
163 4 0.0 48.0   82 84 86 88 
163 5 0.0 54.0   69 114 106 97 99 32 40 158 113 105 107 115 102 120 117 119 81 83 
164 1 0.0 59.0   137 142 144 155 154 157 153 35 27 29 21 156 37 148 160 159 145 19 11 13 150 152 151 
164 2 0.0 40.0   132 135 131 130 133 
164 3 0.0 48.0   122 125 124 127 
164 4 0.0 48.0   121 126 128 123 
164 5 0.0 50.0   140 143 147 146 149 129 134 136 139 138 141 

5572.63 
161 1 0.0 59.0   6 14 36 28 20 12 4 2 
161 2 0.0 44.0   7 8 13 5 
161 3 0.0 54.0   1 9 17 25 33 34 26 18 10 3 
162 1 0.0 53.0   59 158 24 15 23 31 39 74 22 30 38 73 64 72 110 80 54 76 78 79 
162 2 0.0 36.0   50 52 55 61 53 
162 3 0.0 48.0   44 47 42 45 
162 4 0.0 48.0   41 43 48 46 
162 5 0.0 54.0   66 58 71 70 68 65 57 49 51 56 62 60 63 
163 1 0.0 35.0   100 89 98 91 160 99 112 109 111 
163 2 0.0 40.0   90 92 96 93 95 
163 3 0.0 44.0   87 94 104 101 103 85 
163 4 0.0 48.0   82 84 86 88 
163 5 0.0 56.0   69 77 108 159 151 114 106 118 116 97 105 75 67 40 113 115 102 120 117 119 81 83 
164 1 0.0 59.0   29 32 16 37 156 145 153 35 27 11 19 21 150 152 107 148 137 142 144 155 154 157 
164 2 0.0 40.0   132 135 131 130 133 
164 3 0.0 48.0   122 125 124 127 
164 4 0.0 48.0   121 126 128 123 
164 5 0.0 50.0   140 143 147 146 149 129 134 136 139 138 141 

5593.73 
161 1 0.0 54.0   1 9 17 25 33 36 28 20 12 4 
161 2 0.0 44.0   6 15 8 7 
161 3 0.0 59.0   3 11 34 26 18 10 2 5 
162 1 0.0 55.0   99 80 118 102 72 77 65 73 38 30 22 14 23 74 39 66 31 57 69 116 64 78 76 79 
162 2 0.0 40.0   50 53 54 52 55 
162 3 0.0 48.0   44 47 42 45 
162 4 0.0 48.0   41 43 48 46 
162 5 0.0 50.0   58 61 70 68 71 49 51 56 62 60 63 
163 1 0.0 27.0   89 91 98 120 112 109 111 
163 2 0.0 40.0   90 92 96 93 95 
163 3 0.0 44.0   87 94 104 101 103 85 
163 4 0.0 48.0   82 84 86 88 
163 5 0.0 58.0   100 110 108 97 113 75 59 67 105 32 40 158 107 115 152 160 117 119 81 83 
164 1 0.0 59.0   137 142 144 155 154 157 145 153 35 27 19 21 13 37 29 156 16 24 159 106 114 151 
164 2 0.0 44.0   132 150 148 135 131 130 133 
164 3 0.0 48.0   122 125 124 127 
164 4 0.0 48.0   121 126 128 123 
164 5 0.0 50.0   140 143 147 146 149 129 134 136 139 138 141 

5544.71 
161 1 0.0 56.0   5 8 7 15 6 
161 2 0.0 54.0   1 9 17 25 33 34 26 18 10 2 
161 3 0.0 12.0   3 
161 4 0.0 59.0   4 12 20 28 36 14 23 16 21 13 
162 1 0.0 56.0   72 80 118 110 64 43 50 74 39 31 22 30 38 73 65 57 49 
162 2 0.0 34.0   60 70 54 47 55 
162 3 0.0 24.0   44 45 
162 4 0.0 48.0   42 41 48 46 
162 5 0.0 59.0   66 58 68 76 62 52 51 67 61 53 56 71 79 78 63 
163 1 0.0 33.0   89 91 98 106 77 100 112 109 111 
163 2 0.0 40.0   90 92 96 93 95 
163 3 0.0 44.0   87 94 104 101 103 85 
163 4 0.0 48.0   82 84 86 88 
163 5 0.0 57.0   102 120 117 119 81 83 116 59 69 108 97 99 114 32 105 113 107 115 
164 1 0.0 54.0   24 40 75 158 160 37 145 153 35 27 19 11 29 156 159 150 152 148 151 137 142 144 155 154 157 
164 2 0.0 40.0   132 135 131 130 133 
164 3 0.0 48.0   122 125 124 127 
164 4 0.0 48.0   121 126 128 123 
164 5 0.0 50.0   140 143 147 146 149 129 134 136 139 138 141 

5882.56 
161 1 0.0 57.0   10 18 26 34 9 17 25 33 36 28 20 12 4 
161 2 0.0 36.0   6 1 2 
161 3 0.0 60.0   7 24 16 8 5 3 
162 1 0.0 60.0   65 73 38 30 22 14 15 23 31 39 74 66 49 57 76 68 71 79 64 72 
162 2 0.0 40.0   50 53 54 52 55 
162 3 0.0 48.0   44 47 42 45 
162 4 0.0 48.0   41 43 48 46 
162 5 0.0 48.0   58 51 56 60 70 78 62 63 67 59 61 77 118 80 
163 1 0.0 30.0   89 91 98 100 112 109 111 
163 2 0.0 40.0   90 92 96 93 95 
163 3 0.0 44.0   87 94 104 101 103 85 
163 4 0.0 48.0   82 84 86 88 
163 5 0.0 60.0   110 106 108 97 69 99 114 116 105 107 158 32 40 75 113 115 102 120 117 119 81 83 
164 1 0.0 59.0   137 13 21 29 156 142 144 155 154 157 153 35 27 19 11 37 160 159 145 150 152 148 151 
164 2 0.0 40.0   132 135 131 130 133 
164 3 0.0 48.0   122 125 124 127 
164 4 0.0 48.0   121 126 128 123 
164 5 0.0 50.0   140 143 147 146 149 129 134 136 139 138 141 

5994.25 
161 1 0.0 58.0   3 18 9 17 25 33 36 28 20 12 1 
161 2 0.0 44.0   4 6 15 7 
161 3 0.0 59.0   5 13 21 11 19 34 26 10 2 
162 1 0.0 60.0   65 73 38 30 39 74 66 150 40 67 59 58 57 22 14 23 31 160 107 106 69 53 
162 2 0.0 33.0   54 52 55 76 50 
162 3 0.0 48.0   44 47 42 45 
162 4 0.0 48.0   41 43 48 46 
162 5 0.0 50.0   64 79 72 78 70 68 71 49 51 56 62 60 63 
163 1 0.0 30.0   89 91 98 100 112 109 111 
163 2 0.0 40.0   90 92 96 93 95 
163 3 0.0 44.0   94 104 101 103 85 87 
163 4 0.0 48.0   86 88 82 84 
163 5 0.0 59.0   102 120 117 119 81 83 77 118 80 110 108 97 61 99 114 105 116 32 158 113 115 
164 1 0.0 57.0   137 142 144 155 154 157 153 145 35 27 8 16 24 156 37 29 75 159 152 148 151 
164 2 0.0 40.0   132 135 131 130 133 
164 3 0.0 48.0   122 125 124 127 
164 4 0.0 48.0   121 126 128 123 
164 5 0.0 50.0   140 143 147 146 149 129 134 136 139 138 141 

5563.45 
161 1 0.0 54.0   6 12 20 28 36 33 25 17 9 1 
161 2 0.0 44.0   7 8 16 5 
161 3 0.0 44.0   3 10 2 4 
162 1 0.0 50.0   65 73 38 30 22 14 15 23 31 39 74 66 67 59 69 110 118 80 72 
162 2 0.0 48.0   50 49 58 57 52 54 55 
162 3 0.0 48.0   44 47 61 53 45 
162 4 0.0 48.0   41 43 48 46 
162 5 0.0 53.0   64 79 70 78 71 42 51 56 62 76 68 60 63 
163 1 0.0 40.0   89 99 114 113 40 105 160 91 98 100 112 109 111 
163 2 0.0 40.0   90 92 96 93 95 
163 3 0.0 44.0   87 94 104 101 103 85 
163 4 0.0 48.0   82 84 86 88 
163 5 0.0 57.0   116 77 108 97 150 29 145 37 24 75 158 106 107 115 102 120 117 119 81 83 
164 1 0.0 60.0   137 35 11 13 21 142 144 155 154 157 153 34 18 26 19 156 27 32 159 152 148 151 
164 2 0.0 40.0   132 135 131 130 133 
164 3 0.0 48.0   122 125 124 127 
164 4 0.0 48.0   121 126 128 123 
164 5 0.0 50.0   140 143 147 146 149 129 134 136 139 138 141 

5411.61 
161 1 0.0 59.0   2 1 9 17 25 33 12 4 
161 2 0.0 36.0   8 7 6 
161 3 0.0 59.0   10 18 26 34 19 11 3 13 5 
162 1 0.0 59.0   30 22 36 28 20 14 15 23 31 39 74 66 59 51 69 72 64 
162 2 0.0 56.0   48 46 41 54 63 55 
162 3 0.0 44.0   44 52 47 45 
162 4 0.0 36.0   42 43 58 50 
162 5 0.0 53.0   53 76 68 65 73 38 57 49 61 56 71 79 70 78 62 60 
163 1 0.0 30.0   89 91 98 97 112 109 111 
163 2 0.0 40.0   90 92 96 93 95 
163 3 0.0 44.0   87 94 104 101 103 85 
163 4 0.0 48.0   82 84 86 88 
163 5 0.0 60.0   81 83 110 118 80 116 100 160 99 106 67 108 77 114 105 32 107 115 102 120 117 119 
164 1 0.0 54.0   27 35 153 37 156 159 150 152 158 75 40 113 24 16 21 29 148 137 145 151 142 144 155 154 157 
164 2 0.0 40.0   132 135 131 130 133 
164 3 0.0 48.0   122 125 124 127 
164 4 0.0 48.0   121 126 128 123 
164 5 0.0 50.0   140 143 147 146 149 129 134 136 139 138 141 

5681.90 
161 1 0.0 54.0   1 9 17 25 33 34 26 18 10 2 
161 2 0.0 51.0   6 14 22 36 28 20 12 4 
161 3 0.0 56.0   7 16 8 5 3 
162 1 0.0 56.0   73 38 30 15 23 31 39 64 72 80 118 110 109 107 99 160 75 113 66 74 59 61 71 78 76 79 
162 2 0.0 36.0   50 53 63 54 55 
162 3 0.0 48.0   44 47 42 45 
162 4 0.0 48.0   41 43 48 46 
162 5 0.0 54.0   58 52 70 68 65 57 51 56 62 49 60 
163 1 0.0 29.0   89 91 114 98 100 112 111 
163 2 0.0 40.0   90 92 96 93 95 
163 3 0.0 44.0   87 94 104 101 103 85 
163 4 0.0 48.0   86 88 82 84 
163 5 0.0 56.0   69 77 116 108 97 158 32 24 40 67 105 106 115 102 120 117 119 81 83 
164 1 0.0 58.0   137 142 144 155 154 157 153 35 27 19 11 13 21 29 37 156 159 145 150 152 148 151 
164 2 0.0 40.0   132 135 131 130 133 
164 3 0.0 48.0   122 125 124 127 
164 4 0.0 48.0   121 126 128 123 
164 5 0.0 50.0   140 143 147 146 149 129 134 136 139 138 141 

