17776.52 
361 1 0.0 20.0   8 16 
361 2 0.0 44.0   5 13 21 11 3 
361 3 0.0 40.0   7 15 6 12 
361 4 0.0 50.0   4 1 26 18 10 2 
362 1 0.0 58.0   50 52 62 64 79 69 57 65 320 22 14 23 58 59 
362 2 0.0 40.0   53 55 41 43 
362 3 0.0 42.0   54 56 63 61 71 49 51 
362 4 0.0 48.0   42 44 46 48 
362 5 0.0 58.0   45 47 77 67 40 31 38 73 30 24 32 75 78 80 74 39 76 60 70 72 66 68 
363 1 0.0 30.0   98 100 112 109 111 89 91 
363 2 0.0 40.0   90 92 96 93 95 
363 3 0.0 44.0   87 94 104 101 103 85 
363 4 0.0 48.0   86 88 82 84 
363 5 0.0 54.0   81 83 110 106 108 97 99 118 114 116 105 107 113 115 102 120 117 119 
364 1 0.0 32.0   153 155 158 160 154 29 37 156 159 145 147 150 152 146 148 151 137 139 
364 2 0.0 39.0   142 144 157 138 140 143 149 129 131 
364 3 0.0 48.0   126 128 121 123 
364 4 0.0 48.0   122 124 127 125 
364 5 0.0 52.0   134 136 141 130 132 135 133 
365 1 0.0 38.0   193 240 27 19 35 198 200 196 199 185 190 192 188 191 177 182 184 195 194 197 
365 2 0.0 40.0   172 175 171 170 173 
365 3 0.0 48.0   162 165 164 167 
365 4 0.0 48.0   161 166 168 163 
365 5 0.0 50.0   180 183 187 186 189 169 174 176 179 178 181 
366 1 0.0 32.0   203 210 201 
366 2 0.0 36.0   204 206 208 
366 3 0.0 56.0   226 209 211 233 235 238 34 9 17 25 33 236 230 232 228 202 
366 4 0.0 49.0   205 207 229 231 217 219 222 224 234 220 
366 5 0.0 58.0   237 239 225 227 221 223 213 215 214 216 218 212 
367 1 0.0 34.0   254 256 262 264 275 273 274 276 278 280 277 279 267 
367 2 0.0 36.0   241 245 247 
367 3 0.0 46.0   261 263 265 266 268 251 257 258 260 270 272 269 271 259 
367 4 0.0 48.0   242 244 246 248 
367 5 0.0 52.0   243 253 255 249 250 252 
368 1 0.0 33.0   313 315 318 314 20 28 36 317 319 305 307 294 296 
368 2 0.0 39.0   302 304 316 298 301 303 308 289 291 
368 3 0.0 42.0   310 312 306 309 311 297 299 286 288 
368 4 0.0 48.0   282 285 287 284 
368 5 0.0 60.0   300 290 293 295 292 281 283 
369 1 0.0 30.0   337 339 344 358 356 359 353 355 360 354 357 345 347 352 346 349 
369 2 0.0 40.0   330 333 334 332 335 
369 3 0.0 48.0   324 327 322 325 
369 4 0.0 48.0   321 323 328 326 
369 5 0.0 50.0   338 341 350 348 351 329 331 336 342 340 343 

17674.19 
361 1 0.0 44.0   4 1 10 2 
361 2 0.0 48.0   5 8 7 6 
361 3 0.0 60.0   14 22 30 31 23 15 16 21 13 3 
362 1 0.0 27.0   53 55 62 64 79 69 
362 2 0.0 43.0   50 52 41 39 67 43 
362 3 0.0 50.0   54 56 63 61 71 49 57 58 51 
362 4 0.0 48.0   46 48 42 44 
362 5 0.0 58.0   45 47 77 38 65 73 24 32 40 158 75 78 80 74 59 76 60 70 72 66 68 
363 1 0.0 30.0   89 91 98 100 112 109 111 
363 2 0.0 40.0   90 92 96 93 95 
363 3 0.0 44.0   94 104 101 103 85 87 
363 4 0.0 48.0   82 84 86 88 
363 5 0.0 54.0   110 106 108 97 99 118 114 116 105 107 113 115 102 120 117 119 81 83 
364 1 0.0 32.0   153 35 155 160 154 29 37 156 159 145 147 150 152 146 148 151 137 139 
364 2 0.0 39.0   142 144 157 138 140 143 149 129 131 
364 3 0.0 48.0   126 128 121 123 
364 4 0.0 48.0   122 124 127 125 
364 5 0.0 52.0   134 136 141 130 132 135 133 
365 1 0.0 30.0   193 198 200 196 199 185 190 192 188 191 177 182 184 195 194 197 
365 2 0.0 40.0   172 175 171 170 173 
365 3 0.0 48.0   162 165 164 167 
365 4 0.0 48.0   161 166 168 163 
365 5 0.0 50.0   180 183 187 186 189 169 174 176 179 178 181 
366 1 0.0 32.0   210 201 203 
366 2 0.0 36.0   204 206 208 
366 3 0.0 60.0   238 33 240 27 19 11 18 236 230 232 228 202 226 209 211 233 235 
366 4 0.0 52.0   205 207 229 231 217 219 222 34 26 224 234 220 
366 5 0.0 58.0   214 216 218 212 237 239 225 227 221 223 213 215 
367 1 0.0 34.0   254 256 262 264 275 273 274 276 278 280 277 279 267 
367 2 0.0 36.0   241 245 247 
367 3 0.0 46.0   261 263 265 266 268 251 257 258 260 270 272 269 271 259 
367 4 0.0 48.0   242 244 246 248 
367 5 0.0 52.0   253 255 249 250 252 243 
368 1 0.0 56.0   313 318 320 12 9 17 315 25 20 317 36 28 314 319 305 307 294 296 
368 2 0.0 39.0   302 304 316 298 301 303 308 289 291 
368 3 0.0 42.0   286 288 310 312 306 309 311 297 299 
368 4 0.0 48.0   282 285 287 284 
368 5 0.0 60.0   300 290 293 295 292 281 283 
369 1 0.0 30.0   337 339 344 358 356 359 353 355 360 354 357 345 347 352 346 349 
369 2 0.0 40.0   330 333 334 332 335 
369 3 0.0 48.0   324 327 322 325 
369 4 0.0 48.0   321 323 328 326 
369 5 0.0 50.0   338 341 350 348 351 329 331 336 342 340 343 

17643.60 
361 1 0.0 12.0   5 
361 2 0.0 52.0   1 9 10 3 2 
361 3 0.0 60.0   8 23 15 7 6 4 
361 4 0.0 48.0   13 21 16 39 31 14 28 12 18 26 34 
362 1 0.0 35.0   57 59 50 52 62 64 79 69 
362 2 0.0 40.0   53 55 41 43 
362 3 0.0 42.0   54 56 63 61 71 49 51 
362 4 0.0 48.0   42 44 46 48 
362 5 0.0 58.0   40 45 47 77 67 32 158 159 113 75 78 80 74 38 73 65 76 58 60 70 72 66 68 
363 1 0.0 30.0   89 91 98 100 112 109 111 
363 2 0.0 40.0   90 92 96 93 95 
363 3 0.0 44.0   94 104 101 103 85 87 
363 4 0.0 48.0   86 88 82 84 
363 5 0.0 57.0   110 106 108 97 99 118 114 116 105 24 107 115 102 120 117 119 81 83 
364 1 0.0 31.0   153 35 155 160 154 156 29 37 145 147 150 152 146 148 151 137 139 
364 2 0.0 39.0   142 144 157 138 140 143 149 129 131 
364 3 0.0 48.0   126 128 121 123 
364 4 0.0 48.0   122 124 127 125 
364 5 0.0 52.0   134 136 141 130 132 135 133 
365 1 0.0 30.0   193 198 200 196 199 185 190 192 188 191 177 182 184 195 194 197 
365 2 0.0 40.0   172 175 171 170 173 
365 3 0.0 48.0   162 165 164 167 
365 4 0.0 48.0   161 166 168 163 
365 5 0.0 50.0   180 183 187 186 189 169 174 176 179 178 181 
366 1 0.0 32.0   210 201 203 
366 2 0.0 36.0   206 208 204 
366 3 0.0 54.0   228 202 226 209 211 233 235 27 240 19 11 236 230 232 
366 4 0.0 49.0   205 207 229 231 217 219 222 224 234 220 
366 5 0.0 58.0   214 216 218 212 237 239 225 227 221 223 213 215 
367 1 0.0 47.0   254 256 262 264 275 273 274 276 278 279 36 20 17 25 238 280 33 277 267 
367 2 0.0 36.0   241 245 247 
367 3 0.0 46.0   261 263 265 266 268 251 257 258 260 270 272 269 271 259 
367 4 0.0 48.0   242 244 246 248 
367 5 0.0 52.0   253 255 249 250 252 243 
368 1 0.0 33.0   313 315 318 320 30 22 314 317 319 305 307 294 296 
368 2 0.0 39.0   302 304 316 298 301 303 308 289 291 
368 3 0.0 42.0   286 288 310 312 306 309 311 297 299 
368 4 0.0 48.0   282 285 287 284 
368 5 0.0 60.0   300 290 293 295 292 281 283 
369 1 0.0 30.0   337 339 344 358 356 359 353 355 360 354 357 345 347 352 346 349 
369 2 0.0 40.0   330 333 334 332 335 
369 3 0.0 48.0   324 327 322 325 
369 4 0.0 48.0   321 323 328 326 
369 5 0.0 50.0   338 341 350 348 351 329 331 336 342 340 343 

17480.62 
361 1 0.0 36.0   3 13 21 2 
361 2 0.0 40.0   4 12 9 1 
361 3 0.0 56.0   6 14 23 15 7 5 
361 4 0.0 58.0   10 18 26 17 36 28 20 22 39 31 24 32 16 8 
362 1 0.0 33.0   53 55 62 64 79 69 59 67 
362 2 0.0 40.0   50 52 41 43 
362 3 0.0 42.0   54 56 63 61 71 49 51 
362 4 0.0 48.0   46 48 42 44 
362 5 0.0 55.0   45 47 77 65 57 38 30 73 78 80 74 76 58 60 70 72 66 68 
363 1 0.0 34.0   98 159 150 158 100 112 109 111 89 91 
363 2 0.0 40.0   90 92 96 93 95 
363 3 0.0 44.0   94 104 101 103 85 87 
363 4 0.0 48.0   86 88 82 84 
363 5 0.0 56.0   81 83 110 106 108 97 99 118 114 116 105 75 40 113 107 115 102 120 117 119 
364 1 0.0 31.0   37 29 153 155 160 154 27 35 145 156 147 152 146 148 151 137 139 
364 2 0.0 39.0   142 144 157 138 140 143 149 129 131 
364 3 0.0 48.0   126 128 121 123 
364 4 0.0 48.0   122 124 127 125 
364 5 0.0 52.0   134 136 141 130 132 135 133 
365 1 0.0 30.0   193 198 200 196 199 185 190 192 188 191 177 182 184 195 194 197 
365 2 0.0 40.0   172 175 171 170 173 
365 3 0.0 48.0   162 165 164 167 
365 4 0.0 48.0   161 166 168 163 
365 5 0.0 50.0   180 183 187 186 189 169 174 176 179 178 181 
366 1 0.0 32.0   203 210 201 
366 2 0.0 36.0   206 208 204 
366 3 0.0 56.0   238 25 33 11 19 240 236 230 232 228 202 226 209 211 233 235 
366 4 0.0 49.0   205 207 229 231 217 219 222 224 234 220 
366 5 0.0 59.0   237 34 239 225 227 221 223 213 215 214 216 218 212 
367 1 0.0 34.0   254 256 262 264 275 273 274 276 278 280 277 279 267 
367 2 0.0 36.0   241 245 247 
367 3 0.0 46.0   261 263 265 266 268 251 257 258 260 270 272 269 271 259 
367 4 0.0 48.0   242 244 246 248 
367 5 0.0 52.0   253 255 249 250 252 243 
368 1 0.0 27.0   313 315 318 320 314 317 319 305 307 294 296 
368 2 0.0 39.0   302 304 316 298 301 303 308 289 291 
368 3 0.0 42.0   310 312 306 309 311 297 299 286 288 
368 4 0.0 48.0   282 285 287 284 
368 5 0.0 60.0   300 290 293 295 292 281 283 
369 1 0.0 30.0   337 339 344 358 356 359 353 355 360 354 357 345 347 352 346 349 
369 2 0.0 40.0   330 333 334 332 335 
369 3 0.0 48.0   324 327 322 325 
369 4 0.0 48.0   321 323 328 326 
369 5 0.0 50.0   338 341 350 348 351 329 331 336 342 340 343 

17747.06 
361 1 0.0 28.0   10 11 3 
361 2 0.0 48.0   1 9 17 4 6 
361 3 0.0 60.0   2 7 15 23 8 5 
361 4 0.0 59.0   16 113 32 40 75 24 13 21 36 28 12 14 22 39 31 20 
362 1 0.0 38.0   50 52 62 64 79 118 67 69 57 59 
362 2 0.0 40.0   53 55 41 43 
362 3 0.0 42.0   54 56 63 61 71 49 51 
362 4 0.0 48.0   46 48 42 44 
362 5 0.0 51.0   45 47 77 65 38 30 73 78 80 74 76 58 60 70 72 66 68 
363 1 0.0 30.0   98 100 112 109 111 89 91 
363 2 0.0 40.0   90 92 96 93 95 
363 3 0.0 44.0   87 94 104 101 103 85 
363 4 0.0 48.0   86 88 82 84 
363 5 0.0 54.0   81 83 110 106 108 97 99 114 159 116 105 158 107 115 102 120 117 119 
364 1 0.0 31.0   153 35 37 155 160 154 156 27 145 147 150 152 146 148 151 137 139 
364 2 0.0 39.0   142 144 157 138 140 143 149 129 131 
364 3 0.0 48.0   126 128 121 123 
364 4 0.0 48.0   122 124 127 125 
364 5 0.0 52.0   134 136 141 130 132 135 133 
365 1 0.0 30.0   193 198 200 196 199 185 190 192 188 191 177 182 184 195 194 197 
365 2 0.0 40.0   172 175 171 170 173 
365 3 0.0 48.0   162 165 164 167 
365 4 0.0 48.0   161 166 168 163 
365 5 0.0 50.0   180 183 187 186 189 169 174 176 179 178 181 
366 1 0.0 32.0   203 210 201 
366 2 0.0 36.0   206 208 204 
366 3 0.0 57.0   226 209 211 233 235 238 25 33 34 26 18 29 19 240 236 230 232 228 202 
366 4 0.0 49.0   205 207 229 231 217 219 222 224 234 220 
366 5 0.0 58.0   237 239 225 227 221 223 213 215 214 216 218 212 
367 1 0.0 34.0   254 256 262 264 275 273 274 276 278 280 277 279 267 
367 2 0.0 36.0   241 245 247 
367 3 0.0 46.0   261 263 265 266 268 251 257 258 260 270 272 269 271 259 
367 4 0.0 48.0   242 244 246 248 
367 5 0.0 52.0   253 255 249 250 252 243 
368 1 0.0 27.0   313 315 318 320 314 317 319 305 307 294 296 
368 2 0.0 39.0   302 304 316 298 301 303 308 289 291 
368 3 0.0 42.0   310 312 306 309 311 297 299 286 288 
368 4 0.0 48.0   282 285 287 284 
368 5 0.0 60.0   300 290 293 295 292 281 283 
369 1 0.0 30.0   337 339 344 358 356 359 353 355 360 354 357 345 347 352 346 349 
369 2 0.0 40.0   330 333 334 332 335 
369 3 0.0 48.0   324 327 322 325 
369 4 0.0 48.0   321 323 328 326 
369 5 0.0 50.0   338 341 350 348 351 329 331 336 342 340 343 

17335.13 
361 1 0.0 56.0   6 12 4 2 1 
361 2 0.0 56.0   3 5 8 15 7 
361 3 0.0 60.0   11 19 13 16 24 23 31 21 29 37 150 159 10 18 
362 1 0.0 35.0   57 59 50 52 62 64 79 69 
362 2 0.0 40.0   41 43 53 55 
362 3 0.0 42.0   54 56 63 61 71 49 51 
362 4 0.0 48.0   42 44 46 48 
362 5 0.0 57.0   45 47 77 65 67 39 22 38 73 75 78 80 74 76 58 60 70 72 66 68 
363 1 0.0 30.0   89 91 98 100 112 109 111 
363 2 0.0 40.0   90 92 96 93 95 
363 3 0.0 44.0   94 104 101 103 85 87 
363 4 0.0 48.0   82 84 86 88 
363 5 0.0 59.0   81 83 110 106 108 97 99 118 114 116 105 32 27 196 155 107 115 102 120 117 119 
364 1 0.0 28.0   151 152 146 156 148 137 139 113 40 158 160 154 35 153 145 147 
364 2 0.0 39.0   142 144 157 138 140 143 149 129 131 
364 3 0.0 48.0   126 128 121 123 
364 4 0.0 48.0   122 124 127 125 
364 5 0.0 52.0   134 136 141 130 132 135 133 
365 1 0.0 32.0   177 182 184 195 194 197 193 240 198 232 200 199 185 190 192 188 191 
365 2 0.0 40.0   172 175 171 170 173 
365 3 0.0 48.0   162 165 164 167 
365 4 0.0 48.0   161 166 168 163 
365 5 0.0 50.0   180 183 187 186 189 169 174 176 179 178 181 
366 1 0.0 32.0   210 201 203 
366 2 0.0 36.0   206 208 204 
366 3 0.0 55.0   34 9 33 17 315 238 236 230 26 228 202 226 209 211 233 235 
366 4 0.0 49.0   205 207 229 231 217 219 222 224 234 220 
366 5 0.0 58.0   237 239 225 227 221 223 213 215 214 216 218 212 
367 1 0.0 37.0   254 256 262 264 275 273 274 276 278 279 306 314 280 277 267 
367 2 0.0 36.0   241 245 247 
367 3 0.0 46.0   261 263 265 266 268 251 257 258 260 270 272 269 271 259 
367 4 0.0 48.0   242 244 246 248 
367 5 0.0 52.0   253 255 249 250 252 243 
368 1 0.0 42.0   36 313 318 320 30 14 20 28 317 319 305 307 294 296 
368 2 0.0 39.0   302 304 316 298 301 303 308 289 291 
368 3 0.0 42.0   310 312 25 309 311 297 299 286 288 
368 4 0.0 48.0   282 285 287 284 
368 5 0.0 60.0   300 290 293 295 292 281 283 
369 1 0.0 30.0   337 339 344 358 356 359 353 355 360 354 357 345 347 352 346 349 
369 2 0.0 40.0   330 333 334 332 335 
369 3 0.0 48.0   324 327 322 325 
369 4 0.0 48.0   321 323 328 326 
369 5 0.0 50.0   338 341 350 348 351 329 331 336 342 340 343 

17888.88 
361 1 0.0 24.0   5 3 
361 2 0.0 56.0   7 6 14 4 1 
361 3 0.0 32.0   15 23 16 8 
361 4 0.0 54.0   2 10 37 160 159 29 18 315 33 36 28 12 9 20 
362 1 0.0 40.0   50 52 62 64 79 69 113 31 57 158 40 59 
362 2 0.0 40.0   53 55 41 43 
362 3 0.0 42.0   54 56 63 61 71 49 51 
362 4 0.0 48.0   46 48 42 44 
362 5 0.0 58.0   45 47 77 32 67 39 22 73 65 75 78 80 74 76 58 60 70 72 66 68 
363 1 0.0 30.0   98 100 112 109 111 89 91 
363 2 0.0 40.0   90 92 96 93 95 
363 3 0.0 44.0   87 94 104 101 103 85 
363 4 0.0 48.0   86 88 82 84 
363 5 0.0 57.0   81 83 110 106 108 97 99 118 114 116 105 24 107 115 102 120 117 119 
364 1 0.0 50.0   21 13 11 156 155 154 19 153 145 147 150 152 146 148 151 137 139 
364 2 0.0 39.0   142 144 157 138 140 143 149 129 131 
364 3 0.0 48.0   126 128 121 123 
364 4 0.0 48.0   122 124 127 125 
364 5 0.0 52.0   134 136 141 130 132 135 133 
365 1 0.0 30.0   193 198 200 196 199 185 190 192 188 191 177 182 184 195 194 197 
365 2 0.0 40.0   172 175 171 170 173 
365 3 0.0 48.0   162 165 164 167 
365 4 0.0 48.0   161 166 168 163 
365 5 0.0 50.0   180 183 187 186 189 169 174 176 179 178 181 
366 1 0.0 32.0   210 201 203 
366 2 0.0 36.0   206 208 204 
366 3 0.0 53.0   226 209 211 233 235 240 35 27 26 34 17 25 238 236 230 232 228 202 
366 4 0.0 49.0   205 207 229 231 217 219 222 224 234 220 
366 5 0.0 58.0   237 239 225 227 221 223 213 215 214 216 218 212 
367 1 0.0 34.0   254 256 262 264 275 273 274 276 278 280 277 279 267 
367 2 0.0 36.0   241 245 247 
367 3 0.0 46.0   261 263 265 266 268 251 257 258 260 270 272 269 271 259 
367 4 0.0 48.0   242 244 246 248 
367 5 0.0 52.0   243 253 255 249 250 252 
368 1 0.0 29.0   313 320 38 30 318 314 317 319 305 307 294 296 
368 2 0.0 39.0   302 304 316 298 301 303 308 289 291 
368 3 0.0 42.0   310 312 306 309 311 297 299 286 288 
368 4 0.0 48.0   282 285 287 284 
368 5 0.0 60.0   300 290 293 295 292 281 283 
369 1 0.0 30.0   337 339 344 358 356 359 353 355 360 354 357 345 347 352 346 349 
369 2 0.0 40.0   330 333 334 332 335 
369 3 0.0 48.0   324 327 322 325 
369 4 0.0 48.0   321 323 328 326 
369 5 0.0 50.0   338 341 350 348 351 329 331 336 342 340 343 

17460.03 
361 1 0.0 36.0   8 5 3 
361 2 0.0 56.0   1 4 6 15 7 
361 3 0.0 55.0   105 75 158 67 32 24 16 13 19 34 26 10 2 
362 1 0.0 35.0   57 59 50 52 62 64 79 69 
362 2 0.0 40.0   53 55 41 43 
362 3 0.0 42.0   54 56 63 61 71 49 51 
362 4 0.0 48.0   42 44 46 48 
362 5 0.0 59.0   45 47 77 116 23 31 39 38 65 30 73 78 80 74 76 58 60 70 72 66 68 
363 1 0.0 30.0   98 100 112 109 111 89 91 
363 2 0.0 40.0   90 92 96 93 95 
363 3 0.0 44.0   87 94 104 101 103 85 
363 4 0.0 48.0   82 84 86 88 
363 5 0.0 54.0   110 106 108 97 99 118 114 113 40 156 159 107 115 102 120 117 119 81 83 
364 1 0.0 45.0   153 240 35 27 11 29 155 160 154 21 37 145 147 150 152 146 148 151 137 139 
364 2 0.0 39.0   142 144 157 138 140 143 149 129 131 
364 3 0.0 48.0   126 128 121 123 
364 4 0.0 48.0   122 124 127 125 
364 5 0.0 52.0   134 136 141 130 132 135 133 
365 1 0.0 30.0   193 198 200 196 199 185 190 192 188 191 177 182 184 195 194 197 
365 2 0.0 40.0   172 175 171 170 173 
365 3 0.0 48.0   162 165 164 167 
365 4 0.0 48.0   161 166 168 163 
365 5 0.0 50.0   180 183 187 186 189 169 174 176 179 178 181 
366 1 0.0 32.0   210 201 203 
366 2 0.0 36.0   204 206 208 
366 3 0.0 56.0   226 209 211 233 235 18 9 17 238 236 230 232 228 202 
366 4 0.0 49.0   205 207 229 231 217 219 222 224 234 220 
366 5 0.0 58.0   237 239 225 227 221 223 213 215 214 216 218 212 
367 1 0.0 37.0   254 256 262 279 25 264 275 273 274 276 278 280 33 277 267 
367 2 0.0 36.0   241 245 247 
367 3 0.0 46.0   261 263 265 266 268 251 257 258 260 270 272 269 271 259 
367 4 0.0 48.0   242 244 246 248 
367 5 0.0 52.0   243 253 255 249 250 252 
368 1 0.0 54.0   313 315 318 320 22 14 12 20 28 36 314 317 319 305 307 294 296 
368 2 0.0 39.0   302 304 316 298 301 303 308 289 291 
368 3 0.0 42.0   310 312 306 309 311 297 299 286 288 
368 4 0.0 48.0   282 285 287 284 
368 5 0.0 60.0   300 290 293 295 292 281 283 
369 1 0.0 30.0   337 339 344 358 356 359 353 355 360 354 357 345 347 352 346 349 
369 2 0.0 40.0   330 333 334 332 335 
369 3 0.0 48.0   324 327 322 325 
369 4 0.0 48.0   321 323 328 326 
369 5 0.0 50.0   338 341 350 348 351 329 331 336 342 340 343 

17558.75 
361 1 0.0 40.0   5 16 13 3 
361 2 0.0 48.0   1 4 6 7 
361 3 0.0 54.0   8 15 14 12 2 26 18 
362 1 0.0 52.0   50 52 62 64 79 69 67 32 40 24 39 31 23 320 22 57 
362 2 0.0 40.0   53 55 41 43 
362 3 0.0 42.0   54 56 63 61 71 49 51 
362 4 0.0 48.0   46 48 42 44 
362 5 0.0 51.0   45 47 77 65 38 30 73 78 80 74 76 58 60 70 72 66 68 
363 1 0.0 30.0   98 100 112 109 111 89 91 
363 2 0.0 40.0   90 92 96 93 95 
363 3 0.0 44.0   94 104 101 103 85 87 
363 4 0.0 48.0   82 84 86 88 
363 5 0.0 59.0   81 83 110 106 108 97 99 118 114 116 59 75 113 105 107 115 102 120 117 119 
364 1 0.0 53.0   153 232 27 155 35 19 11 29 21 37 158 160 154 156 159 145 147 150 152 146 148 151 137 139 
364 2 0.0 39.0   142 144 157 138 140 143 149 129 131 
364 3 0.0 48.0   126 128 121 123 
364 4 0.0 48.0   122 124 127 125 
364 5 0.0 52.0   134 136 141 130 132 135 133 
365 1 0.0 30.0   177 182 184 195 194 197 193 198 200 196 199 185 190 192 188 191 
365 2 0.0 40.0   172 175 171 170 173 
365 3 0.0 48.0   162 165 164 167 
365 4 0.0 48.0   161 166 168 163 
365 5 0.0 50.0   180 183 187 186 189 169 174 176 179 178 181 
366 1 0.0 32.0   210 201 203 
366 2 0.0 36.0   206 208 204 
366 3 0.0 55.0   226 209 211 233 235 238 33 25 17 10 240 236 34 230 228 202 
366 4 0.0 49.0   205 207 229 231 217 219 222 224 234 220 
366 5 0.0 58.0   237 239 225 227 221 223 213 215 214 216 218 212 
367 1 0.0 39.0   254 256 262 264 275 273 274 276 278 318 304 280 277 279 267 
367 2 0.0 36.0   241 245 247 
367 3 0.0 46.0   261 263 265 266 268 251 257 258 260 270 272 269 271 259 
367 4 0.0 48.0   242 244 246 248 
367 5 0.0 52.0   253 255 249 250 252 243 
368 1 0.0 39.0   313 315 317 28 20 36 9 314 305 307 294 296 
368 2 0.0 36.0   319 302 316 298 301 303 308 289 291 
368 3 0.0 42.0   310 312 306 309 311 297 299 286 288 
368 4 0.0 48.0   282 285 287 284 
368 5 0.0 60.0   300 290 293 295 292 281 283 
369 1 0.0 30.0   337 339 344 358 356 359 353 355 360 354 357 345 347 352 346 349 
369 2 0.0 40.0   330 333 334 332 335 
369 3 0.0 48.0   324 327 322 325 
369 4 0.0 48.0   321 323 328 326 
369 5 0.0 50.0   338 341 350 348 351 329 331 336 342 340 343 

17877.29 
361 1 0.0 52.0   8 5 13 11 3 
361 2 0.0 56.0   6 4 12 1 2 
361 3 0.0 60.0   7 15 23 14 36 28 20 27 35 153 240 19 10 18 
362 1 0.0 34.0   61 71 62 64 79 69 24 118 31 30 57 59 
362 2 0.0 40.0   41 43 53 55 
362 3 0.0 52.0   54 56 63 50 52 49 51 
362 4 0.0 48.0   42 44 46 48 
362 5 0.0 57.0   45 47 77 65 67 39 22 38 73 75 78 80 74 76 58 60 70 72 66 68 
363 1 0.0 30.0   89 91 98 100 112 109 111 
363 2 0.0 40.0   90 92 96 93 95 
363 3 0.0 44.0   94 104 101 103 85 87 
363 4 0.0 48.0   86 88 82 84 
363 5 0.0 55.0   110 106 108 97 99 160 114 116 105 32 107 115 102 120 117 119 81 83 
364 1 0.0 44.0   40 113 158 16 37 29 21 156 155 154 159 145 147 150 152 146 148 151 137 139 
364 2 0.0 39.0   142 144 157 138 140 143 149 129 131 
364 3 0.0 48.0   126 128 121 123 
364 4 0.0 48.0   122 124 127 125 
364 5 0.0 52.0   134 136 141 130 132 135 133 
365 1 0.0 30.0   177 182 184 195 194 197 193 198 200 196 199 185 190 192 188 191 
365 2 0.0 40.0   172 175 171 170 173 
365 3 0.0 48.0   162 165 164 167 
365 4 0.0 48.0   161 166 168 163 
365 5 0.0 50.0   180 183 187 186 189 169 174 176 179 178 181 
366 1 0.0 32.0   203 210 201 
366 2 0.0 36.0   206 208 204 
366 3 0.0 52.0   226 209 211 233 235 17 9 238 236 230 232 228 202 
366 4 0.0 52.0   205 207 229 34 26 231 217 219 222 224 234 220 
366 5 0.0 58.0   214 216 218 212 237 239 225 227 221 223 213 215 
367 1 0.0 37.0   254 256 262 264 275 273 274 276 278 25 315 280 277 279 267 
367 2 0.0 36.0   241 245 247 
367 3 0.0 46.0   261 263 265 266 268 251 257 258 260 270 272 269 271 259 
367 4 0.0 48.0   242 244 246 248 
367 5 0.0 52.0   253 255 249 250 252 243 
368 1 0.0 27.0   33 313 318 320 314 317 319 305 307 294 296 
368 2 0.0 39.0   302 304 316 298 301 303 308 289 291 
368 3 0.0 42.0   310 312 306 309 311 297 299 286 288 
368 4 0.0 48.0   282 285 287 284 
368 5 0.0 60.0   300 290 293 295 292 281 283 
369 1 0.0 30.0   337 339 344 358 356 359 353 355 360 354 357 345 347 352 346 349 
369 2 0.0 40.0   330 333 334 332 335 
369 3 0.0 48.0   324 327 322 325 
369 4 0.0 48.0   321 323 328 326 
369 5 0.0 50.0   338 341 350 348 351 329 331 336 342 340 343 

