617.71 
51 1 0.0 56.0   41 40 19 42 
51 2 0.0 51.0   25 13 
51 3 0.0 78.0   44 37 17 18 4 
52 1 0.0 54.0   12 47 
52 2 0.0 73.0   1 8 26 7 48 
52 3 0.0 73.0   6 23 43 24 14 
52 4 0.0 51.0   27 32 11 46 
53 1 0.0 47.0   5 38 9 
53 2 0.0 78.0   16 50 21 34 30 
53 3 0.0 80.0   49 15 45 33 39 10 
54 1 0.0 67.0   35 36 3 20 
54 2 0.0 69.0   28 31 22 2 29 

635.29 
51 1 0.0 56.0   42 19 40 41 
51 2 0.0 78.0   44 37 17 18 4 
51 3 0.0 51.0   25 13 
52 1 0.0 74.0   27 46 12 47 
52 2 0.0 73.0   1 8 26 7 48 
52 3 0.0 73.0   6 23 43 24 14 
53 1 0.0 56.0   49 10 39 30 
53 2 0.0 62.0   9 16 50 34 
53 3 0.0 79.0   38 5 15 45 33 
54 1 0.0 28.0   20 
54 2 0.0 72.0   35 36 3 28 31 22 
54 3 0.0 75.0   29 2 32 11 21 

616.13 
51 1 0.0 56.0   42 19 40 41 
51 2 0.0 72.0   13 25 14 
51 3 0.0 78.0   44 37 17 18 4 
52 1 0.0 59.0   47 12 46 
52 2 0.0 74.0   32 8 26 48 27 
52 3 0.0 71.0   23 7 43 24 6 
53 1 0.0 67.0   49 10 39 30 9 
53 2 0.0 78.0   11 16 50 21 34 
53 3 0.0 79.0   33 45 15 5 38 
54 1 0.0 67.0   20 3 36 35 
54 2 0.0 76.0   29 2 1 22 31 28 

642.47 
51 1 0.0 79.0   13 41 40 19 42 
52 1 0.0 67.0   46 37 17 4 18 
52 2 0.0 54.0   47 12 
52 3 0.0 64.0   6 14 25 
52 4 0.0 78.0   27 24 43 7 23 1 
53 1 0.0 80.0   33 45 15 44 5 
53 2 0.0 70.0   34 21 16 50 9 
53 3 0.0 56.0   30 39 10 49 
53 4 0.0 76.0   2 32 11 38 
54 1 0.0 80.0   22 48 8 26 31 28 
54 2 0.0 73.0   35 36 3 20 29 

619.08 
51 1 0.0 56.0   42 19 40 41 
51 2 0.0 78.0   44 37 17 18 4 
51 3 0.0 72.0   13 25 14 
52 1 0.0 80.0   1 31 26 8 48 27 
52 2 0.0 71.0   23 7 43 24 6 
52 3 0.0 71.0   32 46 12 47 
53 1 0.0 70.0   38 11 16 50 9 
53 2 0.0 68.0   49 10 30 34 
53 3 0.0 78.0   39 33 45 15 5 
54 1 0.0 59.0   21 35 36 20 
54 2 0.0 74.0   2 22 28 3 29 

605.46 
51 1 0.0 56.0   42 19 40 41 
51 2 0.0 78.0   44 37 17 18 4 
51 3 0.0 51.0   25 13 
52 1 0.0 59.0   47 12 46 
52 2 0.0 77.0   14 24 43 7 23 
52 3 0.0 66.0   6 48 27 1 32 
53 1 0.0 55.0   38 11 5 
53 2 0.0 66.0   30 34 50 9 
53 3 0.0 80.0   49 15 45 33 39 10 
54 1 0.0 51.0   35 36 20 
54 2 0.0 59.0   21 16 2 29 
54 3 0.0 79.0   22 8 26 31 28 3 

621.27 
51 1 0.0 56.0   42 19 40 41 
51 2 0.0 78.0   44 37 17 18 4 
51 3 0.0 51.0   25 13 
52 1 0.0 54.0   12 47 
52 2 0.0 51.0   46 11 32 27 
52 3 0.0 73.0   6 23 43 24 14 
52 4 0.0 73.0   1 8 26 7 48 
53 1 0.0 56.0   30 39 10 49 
53 2 0.0 70.0   9 50 16 21 34 
53 3 0.0 79.0   38 5 15 45 33 
54 1 0.0 57.0   35 36 20 29 
54 2 0.0 79.0   3 28 31 22 2 

621.43 
51 1 0.0 56.0   41 40 19 42 
51 2 0.0 78.0   44 37 17 18 4 
51 3 0.0 51.0   25 13 
52 1 0.0 59.0   46 12 47 
52 2 0.0 30.0   27 6 
52 3 0.0 77.0   14 24 43 7 23 
52 4 0.0 80.0   48 8 26 31 28 22 
53 1 0.0 56.0   30 39 10 49 
53 2 0.0 70.0   9 50 16 21 34 
53 3 0.0 79.0   38 5 15 45 33 
54 1 0.0 67.0   35 36 3 20 
54 2 0.0 74.0   29 11 32 1 2 

603.52 
51 1 0.0 79.0   42 19 40 41 13 
51 2 0.0 78.0   44 37 17 18 4 
52 1 0.0 59.0   46 12 47 
52 2 0.0 73.0   24 43 7 23 48 
52 3 0.0 78.0   27 8 26 31 28 22 
52 4 0.0 64.0   25 14 6 
53 1 0.0 67.0   49 10 39 30 9 
53 2 0.0 79.0   38 5 15 45 33 
54 1 0.0 59.0   21 34 50 16 
54 2 0.0 67.0   35 36 3 20 
54 3 0.0 74.0   2 1 32 11 29 

650.18 
51 1 0.0 56.0   42 19 40 41 
51 2 0.0 50.0   18 4 
51 3 0.0 75.0   17 14 25 13 
52 1 0.0 38.0   1 32 11 
52 2 0.0 67.0   23 7 48 27 
52 3 0.0 77.0   8 31 26 43 24 6 
52 4 0.0 68.0   46 12 37 47 
53 1 0.0 63.0   34 30 49 
53 2 0.0 72.0   9 50 16 38 5 
53 3 0.0 78.0   15 44 45 33 39 10 
54 1 0.0 64.0   20 2 29 
54 2 0.0 8.0   21 
54 3 0.0 61.0   22 28 3 36 35 

