622.97 
51 1 0.0 79.0   13 41 40 19 42 
51 2 0.0 78.0   4 18 17 37 44 
52 3 0.0 80.0   47 12 5 46 
52 1 0.0 74.0   6 24 25 14 
52 2 0.0 75.0   32 1 31 26 8 27 
52 3 0.0 63.0   23 43 7 48 
53 4 0.0 60.0   9 16 11 38 
53 1 0.0 63.0   30 34 21 50 
53 2 0.0 62.0   39 33 45 15 10 
53 3 0.0 18.0   49 
54 4 0.0 51.0   20 36 35 
54 1 0.0 68.0   3 28 22 2 
54 2 0.0 6.0   29 

602.05 
51 1 0.0 79.0   42 19 40 41 13 
51 2 0.0 50.0   4 18 
51 3 0.0 71.0   17 37 15 33 45 44 
52 4 0.0 73.0   48 23 7 43 24 
52 1 0.0 64.0   25 14 6 
52 2 0.0 59.0   46 12 47 
52 3 0.0 75.0   32 1 31 26 8 27 
53 4 0.0 73.0   49 5 11 38 
53 1 0.0 70.0   9 50 16 21 34 
53 2 0.0 38.0   30 39 10 
54 3 0.0 51.0   20 36 35 
54 1 0.0 74.0   29 2 22 28 3 

626.94 
51 1 0.0 78.0   25 13 41 
51 2 0.0 57.0   19 40 42 44 37 17 
51 3 0.0 75.0   47 18 4 
52 4 0.0 68.0   27 1 32 46 12 
52 1 0.0 73.0   6 23 43 24 14 
52 2 0.0 77.0   8 31 26 7 48 
53 3 0.0 73.0   49 5 11 38 
53 1 0.0 62.0   15 45 33 39 10 
53 2 0.0 30.0   30 9 
53 3 0.0 59.0   34 21 50 16 
54 4 0.0 51.0   35 36 20 
54 1 0.0 74.0   29 2 22 28 3 

613.72 
51 1 0.0 78.0   44 37 17 18 4 
51 2 0.0 72.0   13 25 14 
51 3 0.0 56.0   41 40 19 42 
52 4 0.0 66.0   48 26 8 1 32 
52 1 0.0 74.0   47 12 46 27 
52 2 0.0 71.0   23 7 43 24 6 
53 3 0.0 67.0   49 38 11 16 
53 1 0.0 79.0   9 50 21 34 30 10 
53 2 0.0 78.0   39 33 45 15 5 
54 3 0.0 57.0   35 36 20 29 
54 1 0.0 79.0   3 28 31 22 2 

619.70 
51 1 0.0 79.0   42 19 40 41 13 
51 2 0.0 79.0   44 37 12 47 
51 3 0.0 74.0   17 14 18 4 
52 4 0.0 80.0   25 24 43 23 6 
52 1 0.0 58.0   46 11 32 1 27 
52 2 0.0 77.0   48 7 26 31 8 
53 3 0.0 63.0   30 34 21 50 
53 1 0.0 80.0   49 15 45 33 39 10 
53 2 0.0 62.0   9 16 38 5 
54 3 0.0 51.0   35 36 20 
54 1 0.0 74.0   3 28 22 2 29 

629.54 
51 1 0.0 78.0   44 37 17 18 4 
51 2 0.0 74.0   25 14 47 
51 3 0.0 79.0   13 41 40 19 42 
52 4 0.0 77.0   48 8 26 31 28 46 
52 1 0.0 75.0   12 11 32 27 
52 2 0.0 71.0   23 7 43 24 6 
53 3 0.0 48.0   49 38 16 
53 1 0.0 79.0   9 50 21 34 30 10 
53 2 0.0 78.0   39 33 45 15 5 
54 3 0.0 51.0   29 2 1 22 
54 1 0.0 67.0   35 36 3 20 

634.77 
51 1 0.0 56.0   41 40 19 42 
51 2 0.0 79.0   44 15 37 17 18 
51 3 0.0 60.0   13 25 4 
52 4 0.0 54.0   12 47 
52 1 0.0 77.0   7 26 31 8 48 
52 2 0.0 58.0   27 1 32 11 46 
52 3 0.0 73.0   6 14 24 43 23 
53 4 0.0 18.0   49 
53 1 0.0 41.0   9 16 38 
53 2 0.0 63.0   50 21 34 30 
53 3 0.0 73.0   10 39 33 45 5 
54 4 0.0 45.0   35 20 
54 1 0.0 80.0   36 3 28 22 2 29 

593.29 
51 1 0.0 79.0   13 41 40 19 42 
51 2 0.0 71.0   17 37 15 33 45 44 
51 3 0.0 78.0   4 18 25 
52 4 0.0 59.0   46 12 47 
52 1 0.0 80.0   48 8 26 31 28 22 
52 2 0.0 49.0   32 1 27 6 
52 3 0.0 77.0   14 24 43 7 23 
53 4 0.0 56.0   30 39 10 49 
53 1 0.0 47.0   9 50 34 
53 2 0.0 55.0   5 11 38 
54 3 0.0 67.0   20 3 36 35 
54 1 0.0 59.0   29 2 16 21 

639.47 
51 1 0.0 79.0   42 19 40 41 13 
51 2 0.0 78.0   44 37 17 18 4 
52 3 0.0 71.0   6 24 43 7 23 
52 1 0.0 62.0   48 26 8 27 
52 2 0.0 79.0   14 25 47 46 
52 3 0.0 29.0   12 
53 4 0.0 57.0   39 33 45 15 
53 1 0.0 61.0   16 32 11 38 
53 2 0.0 50.0   49 5 9 
53 3 0.0 68.0   50 21 34 30 10 
54 4 0.0 67.0   35 36 3 20 
54 1 0.0 76.0   2 1 22 31 28 29 

627.39 
51 1 0.0 78.0   25 13 41 
51 2 0.0 67.0   19 40 42 44 15 37 17 
52 3 0.0 59.0   47 12 46 
52 1 0.0 71.0   4 18 14 
52 2 0.0 80.0   27 48 8 26 31 1 
52 3 0.0 71.0   24 43 7 23 6 
53 4 0.0 73.0   49 5 11 38 
53 1 0.0 70.0   9 50 16 21 34 
53 2 0.0 71.0   30 10 39 33 45 
54 3 0.0 51.0   20 36 35 
54 1 0.0 80.0   3 28 22 32 2 
54 2 0.0 6.0   29 

