504.47 
51 1 0.0 88.0   4 13 41 40 19 42 
52 1 0.0 133.0   27 48 7 26 8 31 28 22 1 32 
52 2 0.0 142.0   18 25 14 24 43 23 6 
53 1 0.0 132.0   38 11 46 47 12 5 49 
53 2 0.0 156.0   9 50 34 30 10 39 33 45 15 44 17 37 
54 1 0.0 126.0   29 21 16 2 3 36 35 20 

495.85 
51 1 0.0 154.0   4 47 18 13 41 40 19 42 
52 1 0.0 159.0   1 22 28 31 8 26 7 43 24 25 14 
52 2 0.0 99.0   46 11 32 27 48 23 6 
53 1 0.0 155.0   10 39 33 45 15 44 37 17 12 5 38 
53 2 0.0 84.0   49 30 34 50 9 
54 1 0.0 126.0   35 36 3 20 2 16 21 29 

504.93 
51 1 0.0 79.0   13 41 40 19 42 
51 2 0.0 66.0   17 12 47 4 
52 1 0.0 153.0   46 11 32 1 22 28 31 26 8 48 6 27 
52 2 0.0 146.0   18 25 14 24 43 7 23 
53 1 0.0 141.0   38 5 37 44 15 45 33 39 10 49 
53 2 0.0 81.0   16 50 34 30 9 
54 1 0.0 111.0   21 29 2 20 3 36 35 

516.59 
51 1 0.0 95.0   13 41 40 19 42 44 
51 2 0.0 116.0   4 18 47 12 37 17 
52 1 0.0 47.0   6 48 27 
52 2 0.0 159.0   46 32 1 8 26 7 23 43 24 25 14 
53 1 0.0 82.0   50 21 34 30 39 10 
53 2 0.0 142.0   49 33 45 15 5 38 11 16 9 
54 1 0.0 136.0   29 2 22 31 28 3 36 35 20 

495.36 
51 1 0.0 157.0   42 19 40 41 13 25 18 4 
52 1 0.0 20.0   27 46 
52 2 0.0 150.0   48 8 31 26 7 23 43 24 14 6 
53 1 0.0 160.0   5 12 47 17 37 44 15 45 33 39 
53 2 0.0 146.0   9 38 11 16 50 21 34 30 10 49 
54 1 0.0 144.0   2 32 1 22 28 3 36 35 20 29 

487.64 
51 1 0.0 129.0   42 19 40 41 13 18 4 
52 1 0.0 138.0   46 11 32 1 22 28 31 26 8 48 27 
52 2 0.0 145.0   6 23 7 43 24 14 25 47 
53 1 0.0 140.0   10 39 33 45 15 44 37 17 12 5 
53 2 0.0 99.0   9 30 34 50 38 49 
54 1 0.0 126.0   20 35 36 3 2 16 21 29 

504.71 
51 1 0.0 129.0   4 18 13 41 40 19 42 
52 1 0.0 98.0   46 32 8 26 7 48 27 
52 2 0.0 155.0   6 23 43 24 14 25 47 12 
53 1 0.0 96.0   9 34 50 16 11 38 
53 2 0.0 148.0   30 10 39 33 45 15 44 17 37 5 49 
54 1 0.0 151.0   21 29 2 1 22 31 28 3 36 35 20 

514.02 
51 1 0.0 88.0   4 13 41 40 19 42 
51 2 0.0 71.0   17 37 15 33 45 44 
52 1 0.0 142.0   32 1 8 26 7 6 47 12 46 
52 2 0.0 159.0   27 48 23 43 24 14 25 18 
53 1 0.0 38.0   30 39 10 
53 2 0.0 143.0   49 5 38 11 16 21 34 50 9 
54 1 0.0 136.0   29 2 22 31 28 3 36 35 20 

506.42 
51 1 0.0 88.0   4 13 41 40 19 42 
51 2 0.0 71.0   44 45 33 15 37 17 
52 1 0.0 142.0   46 32 1 8 26 7 43 24 23 48 27 
52 2 0.0 159.0   6 14 25 18 12 47 
53 1 0.0 91.0   9 50 16 11 5 38 
53 2 0.0 82.0   49 10 39 30 34 
54 1 0.0 144.0   20 35 36 3 28 31 22 2 29 21 

478.66 
51 1 0.0 154.0   4 47 18 13 41 40 19 42 
52 1 0.0 157.0   6 14 25 24 43 7 23 48 27 46 
53 1 0.0 158.0   49 5 12 17 37 44 15 45 33 39 10 
53 2 0.0 157.0   9 38 11 32 2 16 50 34 30 
54 1 0.0 151.0   21 22 1 8 26 31 28 3 36 35 20 29 

