524.18 
51 1 0.0 159.0   4 47 12 49 10 39 33 45 15 44 
52 2 0.0 160.0   18 25 13 41 40 19 42 17 37 
52 1 0.0 160.0   6 14 24 43 7 23 48 27 32 11 46 
53 2 0.0 36.0   38 5 
53 1 0.0 125.0   9 50 16 2 29 21 34 30 
54 2 0.0 137.0   35 36 3 22 1 8 26 31 28 20 

520.41 
51 1 0.0 143.0   4 47 18 37 15 33 45 44 
52 2 0.0 160.0   14 25 13 41 40 19 42 17 12 
52 1 0.0 146.0   6 24 43 7 23 48 27 1 32 11 46 
53 2 0.0 54.0   38 5 49 
53 1 0.0 144.0   9 50 16 2 29 21 34 30 39 10 
54 2 0.0 130.0   35 36 28 31 26 8 22 3 20 

567.31 
51 1 0.0 143.0   6 23 7 43 24 14 25 13 
51 2 0.0 56.0   41 40 19 42 
52 3 0.0 155.0   11 2 29 21 34 50 16 38 5 46 
52 1 0.0 34.0   27 1 32 
53 2 0.0 145.0   9 49 37 17 4 18 47 12 
53 1 0.0 97.0   30 10 39 33 45 44 15 
54 2 0.0 147.0   22 48 8 26 31 28 3 36 35 20 

521.88 
51 1 0.0 153.0   17 37 12 5 10 39 33 45 15 44 42 
52 2 0.0 141.0   18 13 41 40 19 4 47 
52 1 0.0 159.0   14 25 24 43 7 23 6 27 1 32 46 
53 2 0.0 29.0   9 49 
53 1 0.0 148.0   38 11 16 2 29 21 50 34 30 
54 2 0.0 147.0   20 35 36 3 28 31 26 8 48 22 

492.12 
51 1 0.0 111.0   17 37 5 10 39 33 45 15 44 
51 2 0.0 88.0   42 19 40 41 13 4 
52 3 0.0 149.0   14 25 18 47 12 46 
52 1 0.0 133.0   6 23 24 43 7 26 8 48 27 
53 2 0.0 141.0   49 38 11 16 50 21 34 30 9 
54 1 0.0 155.0   20 35 36 3 28 31 22 1 32 2 29 

533.30 
51 1 0.0 152.0   13 25 14 24 43 7 23 6 4 
51 2 0.0 56.0   41 40 19 42 
52 3 0.0 146.0   27 32 2 29 21 34 50 16 11 46 
53 1 0.0 143.0   5 37 17 18 47 12 38 
53 1 0.0 126.0   9 30 10 39 33 45 44 15 49 
54 2 0.0 154.0   22 1 48 8 26 31 28 3 36 35 20 

549.35 
51 1 0.0 160.0   13 25 14 24 43 7 23 48 6 
51 2 0.0 56.0   42 19 40 41 
53 3 0.0 148.0   9 11 2 16 50 34 30 49 
52 1 0.0 39.0   27 1 32 46 
53 1 0.0 152.0   37 17 4 18 47 12 5 38 
53 1 0.0 78.0   10 39 33 45 44 15 
54 2 0.0 144.0   35 36 3 22 8 26 31 28 20 29 21 

514.00 
51 1 0.0 137.0   4 12 5 10 39 33 45 15 44 
52 2 0.0 160.0   6 14 25 13 41 40 19 42 17 37 46 
52 1 0.0 154.0   47 18 24 43 7 23 48 27 
53 2 0.0 18.0   49 
53 1 0.0 159.0   38 11 16 2 29 21 50 34 30 9 
54 2 0.0 149.0   32 1 22 8 26 31 28 3 36 35 20 

532.26 
51 1 0.0 142.0   37 5 11 38 10 39 33 45 15 44 
51 2 0.0 75.0   47 18 4 
52 3 0.0 144.0   25 13 41 40 19 42 17 12 46 
52 1 0.0 143.0   6 14 24 43 23 7 26 48 27 32 
53 2 0.0 18.0   49 
53 1 0.0 95.0   9 50 16 29 21 34 30 
54 2 0.0 160.0   2 22 1 8 31 28 3 36 35 20 

488.70 
51 1 0.0 79.0   13 41 40 19 42 
51 2 0.0 107.0   17 12 47 18 4 
52 3 0.0 157.0   6 14 25 24 43 7 23 48 27 46 
53 1 0.0 156.0   9 50 16 11 32 2 29 21 34 30 
53 1 0.0 141.0   38 5 37 44 15 45 33 39 10 49 
54 2 0.0 137.0   20 35 36 3 28 31 26 8 1 22 

502.70 
51 1 0.0 129.0   42 19 40 41 13 18 4 
52 1 0.0 138.0   46 11 32 1 22 28 31 26 8 48 27 
52 2 0.0 120.0   6 23 7 43 24 25 14 
53 1 0.0 118.0   38 5 12 47 17 44 37 
53 2 0.0 146.0   9 50 34 30 10 39 33 45 15 49 
54 1 0.0 126.0   29 21 16 2 3 36 35 20 

483.16 
51 1 0.0 154.0   42 19 40 41 13 18 47 4 
52 1 0.0 157.0   46 27 48 23 7 43 24 25 14 6 
53 1 0.0 158.0   5 12 17 37 44 15 45 33 39 10 49 
53 2 0.0 157.0   38 11 32 2 16 9 50 34 30 
54 1 0.0 151.0   21 22 1 8 26 31 28 3 36 35 20 29 

520.98 
51 1 0.0 129.0   42 19 40 41 13 18 4 
52 1 0.0 143.0   27 1 32 11 38 5 12 47 
52 2 0.0 160.0   6 23 48 31 26 7 43 24 25 14 46 
53 1 0.0 127.0   49 37 17 44 15 45 33 39 10 30 
53 2 0.0 62.0   9 16 50 34 
54 1 0.0 156.0   21 2 22 8 28 3 36 35 20 29 

523.94 
51 1 0.0 88.0   4 13 41 40 19 42 
51 2 0.0 100.0   44 45 33 15 37 12 17 
52 1 0.0 157.0   46 22 3 28 31 8 26 7 43 24 23 48 
52 2 0.0 145.0   47 18 25 14 6 27 
53 1 0.0 18.0   49 
53 2 0.0 111.0   38 5 10 39 30 34 9 
54 1 0.0 158.0   35 36 20 2 1 32 11 16 50 21 29 

512.01 
51 1 0.0 88.0   4 13 41 40 19 42 
51 2 0.0 71.0   44 45 33 15 37 17 
52 1 0.0 141.0   27 48 7 23 6 47 12 46 
52 2 0.0 160.0   32 1 8 26 43 24 14 25 18 
53 1 0.0 73.0   38 11 5 49 
53 2 0.0 85.0   10 39 30 34 50 9 
54 1 0.0 159.0   20 35 36 3 28 31 22 2 16 21 29 

514.23 
51 1 0.0 116.0   4 13 41 40 19 42 44 37 17 
52 1 0.0 147.0   27 8 31 26 48 6 47 12 46 
52 2 0.0 146.0   18 25 14 24 43 7 23 
53 1 0.0 67.0   49 38 11 16 
53 2 0.0 157.0   5 15 45 33 39 10 30 34 21 50 9 
54 1 0.0 144.0   29 2 32 1 22 28 3 36 35 20 

506.51 
51 1 0.0 129.0   4 18 13 41 40 19 42 
52 1 0.0 47.0   6 48 27 
52 2 0.0 152.0   46 32 8 26 7 23 43 24 25 14 
53 1 0.0 160.0   39 33 45 15 44 37 17 47 12 5 
53 2 0.0 138.0   9 38 11 16 50 34 30 10 49 
54 1 0.0 151.0   21 2 1 22 31 28 3 36 35 20 29 

492.96 
51 1 0.0 157.0   4 18 25 13 41 40 19 42 
52 1 0.0 106.0   27 48 8 26 31 28 1 32 
52 2 0.0 151.0   6 23 7 43 24 14 47 12 46 
53 1 0.0 99.0   9 16 50 34 30 49 
53 2 0.0 145.0   10 39 33 45 15 44 17 37 5 11 38 
54 1 0.0 119.0   20 35 36 3 22 2 29 21 

513.56 
51 1 0.0 129.0   4 18 13 41 40 19 42 
52 1 0.0 100.0   27 48 7 26 8 1 32 
52 2 0.0 160.0   23 43 24 25 14 6 47 12 46 
53 1 0.0 140.0   38 11 5 37 17 44 15 45 33 39 
53 2 0.0 104.0   9 16 50 34 30 10 49 
54 1 0.0 144.0   21 2 22 31 28 3 36 35 20 29 

508.46 
51 1 0.0 71.0   44 45 33 15 37 17 
51 2 0.0 129.0   42 19 40 41 13 18 4 
52 1 0.0 153.0   46 5 38 11 32 48 7 26 8 27 
52 2 0.0 155.0   6 23 43 24 14 25 47 12 
53 1 0.0 118.0   9 16 50 34 30 39 10 49 
54 1 0.0 151.0   20 35 36 3 28 31 22 1 2 29 21 

