717.22 
76 1 0.0 131.0   75 6 68 30 4 67 
77 1 0.0 102.0   48 21 61 69 36 47 
77 2 0.0 140.0   29 45 57 15 20 70 60 71 37 5 
78 1 0.0 126.0   54 13 27 52 34 46 8 
78 2 0.0 139.0   35 19 14 59 11 53 
78 3 0.0 106.0   7 58 38 65 66 
79 1 0.0 89.0   40 32 44 3 
79 2 0.0 132.0   50 25 55 31 10 26 17 
79 3 0.0 138.0   51 16 49 24 18 9 39 72 12 
80 1 0.0 126.0   73 62 22 64 42 41 43 1 
80 2 0.0 135.0   28 74 2 33 63 23 56 

690.06 
76 1 0.0 98.0   26 67 4 75 
77 1 0.0 137.0   74 28 61 69 36 71 60 70 20 37 
77 2 0.0 89.0   47 21 30 48 
77 3 0.0 94.0   29 45 27 57 15 5 
78 1 0.0 134.0   35 8 46 34 52 13 54 19 
78 2 0.0 77.0   14 59 53 
78 3 0.0 122.0   7 38 65 66 11 
79 1 0.0 135.0   3 44 50 25 55 18 24 49 16 
79 2 0.0 90.0   40 9 32 
79 3 0.0 137.0   51 17 12 58 10 31 72 39 
80 1 0.0 126.0   41 42 64 22 62 73 1 43 
80 2 0.0 125.0   2 68 6 33 63 23 56 

703.10 
76 1 0.0 108.0   26 67 4 68 75 
77 1 0.0 20.0   48 
77 2 0.0 130.0   21 69 71 60 70 20 37 36 47 
77 3 0.0 127.0   30 45 29 13 54 57 15 5 
78 1 0.0 138.0   35 19 8 52 27 34 46 7 
78 2 0.0 129.0   11 66 59 14 
78 3 0.0 106.0   38 10 31 65 53 
79 1 0.0 101.0   32 25 55 18 50 44 
79 2 0.0 101.0   51 33 16 49 24 3 
79 3 0.0 136.0   17 12 58 72 39 9 40 
80 1 0.0 135.0   1 62 61 22 64 42 41 43 
80 2 0.0 133.0   73 28 74 2 6 63 23 56 

699.32 
76 1 0.0 108.0   26 67 4 68 75 
77 1 0.0 51.0   45 27 29 
77 2 0.0 100.0   48 21 47 36 5 
77 3 0.0 140.0   30 74 61 69 71 60 70 20 37 15 57 
78 1 0.0 134.0   19 54 13 52 34 46 8 35 
78 2 0.0 77.0   53 59 14 
78 3 0.0 122.0   11 66 65 38 7 
79 1 0.0 122.0   32 9 39 12 40 
79 2 0.0 119.0   17 6 51 16 49 24 44 
79 3 0.0 140.0   3 50 18 55 25 31 10 58 72 
80 1 0.0 114.0   1 73 62 64 42 41 43 
80 2 0.0 137.0   22 28 2 33 63 23 56 

685.36 
76 1 0.0 127.0   75 6 68 4 67 26 
77 1 0.0 120.0   15 57 13 54 52 27 45 29 
77 2 0.0 123.0   5 37 20 70 60 71 69 36 47 
77 3 0.0 124.0   48 21 61 28 74 30 
78 1 0.0 102.0   35 19 8 46 34 7 
78 2 0.0 106.0   38 10 31 65 53 
78 3 0.0 129.0   11 66 59 14 
79 1 0.0 51.0   24 49 16 
79 2 0.0 130.0   9 25 55 18 50 32 44 
79 3 0.0 130.0   3 51 17 40 12 58 72 39 
80 1 0.0 84.0   22 64 42 41 43 
80 2 0.0 138.0   1 73 62 2 33 63 23 56 

696.93 
76 1 0.0 98.0   26 67 4 75 
77 1 0.0 33.0   48 29 
77 2 0.0 129.0   5 20 70 60 71 36 47 21 
77 3 0.0 129.0   30 74 61 69 37 15 57 27 45 
78 1 0.0 134.0   19 54 13 52 34 46 8 35 
78 2 0.0 129.0   14 59 66 11 
78 3 0.0 117.0   7 58 10 38 65 53 
79 1 0.0 131.0   51 6 2 68 17 40 3 
79 2 0.0 115.0   12 72 31 39 9 32 
79 3 0.0 124.0   44 50 25 55 18 24 49 16 
80 1 0.0 131.0   62 28 22 64 42 41 43 
80 2 0.0 94.0   1 73 33 63 23 56 

687.01 
76 1 0.0 98.0   26 67 4 75 
77 1 0.0 132.0   48 21 69 61 28 74 30 
77 2 0.0 34.0   29 45 
77 3 0.0 137.0   5 15 57 37 20 70 60 71 36 47 
78 1 0.0 136.0   54 13 27 52 34 46 8 35 
78 2 0.0 132.0   66 65 38 10 58 7 
78 3 0.0 129.0   53 11 59 14 19 
79 1 0.0 135.0   17 12 72 31 39 9 32 
79 2 0.0 124.0   44 50 25 55 18 24 49 16 
79 3 0.0 56.0   3 51 40 
80 1 0.0 126.0   1 73 62 22 64 42 41 43 
80 2 0.0 125.0   2 68 6 33 63 23 56 

754.83 
76 1 0.0 133.0   34 52 54 13 27 4 75 
76 2 0.0 137.0   6 51 16 49 50 55 25 58 26 
77 1 0.0 136.0   48 21 61 69 36 47 5 29 
77 2 0.0 138.0   37 71 60 70 20 15 57 45 30 74 
78 1 0.0 113.0   35 19 8 46 67 7 
78 2 0.0 55.0   59 14 
78 3 0.0 129.0   38 65 66 11 53 
79 1 0.0 125.0   17 12 40 32 44 3 
79 2 0.0 137.0   24 18 9 31 10 72 39 
80 1 0.0 126.0   1 73 62 22 64 42 41 43 
80 2 0.0 135.0   28 2 68 33 63 23 56 

702.48 
76 1 0.0 98.0   26 67 4 75 
77 1 0.0 55.0   45 29 5 
77 2 0.0 128.0   20 70 60 71 36 47 21 48 
77 3 0.0 137.0   27 57 15 37 69 61 28 74 30 
78 1 0.0 134.0   35 8 46 34 52 13 54 19 
78 2 0.0 91.0   7 58 38 65 53 
78 3 0.0 129.0   11 66 59 14 
79 1 0.0 61.0   3 44 40 
79 2 0.0 133.0   9 39 31 10 72 12 17 
79 3 0.0 135.0   16 49 24 18 55 25 50 32 
80 1 0.0 126.0   1 73 62 22 64 42 41 43 
80 2 0.0 137.0   2 68 6 51 33 63 23 56 

690.82 
76 1 0.0 108.0   26 67 4 68 75 
77 1 0.0 121.0   29 45 57 15 37 36 47 48 
77 2 0.0 138.0   5 20 70 60 71 69 21 74 30 
78 1 0.0 125.0   46 34 52 27 13 54 19 
78 2 0.0 134.0   35 8 7 58 10 38 53 
78 3 0.0 138.0   14 59 66 65 11 
79 1 0.0 106.0   40 39 9 32 
79 2 0.0 114.0   3 44 50 18 24 49 16 
79 3 0.0 114.0   25 55 31 72 12 17 6 51 
80 1 0.0 128.0   22 28 61 64 42 41 43 
80 2 0.0 138.0   1 73 62 2 33 63 23 56 

