7582.89 
241 1 0.0 60.0   53 64 72 80 118 110 102 94 95 96 104 112 120 119 111 103 
241 2 0.0 59.0   32 40 158 84 86 92 100 108 116 77 69 74 6 
241 3 0.0 60.0   82 83 85 88 87 
241 4 0.0 50.0   7 105 89 81 97 8 
241 5 0.0 24.0   2 3 
242 6 0.0 56.0   55 48 45 43 42 
242 1 0.0 52.0   44 41 52 54 46 
242 2 0.0 45.0   58 50 51 59 67 75 113 61 56 79 63 
242 3 0.0 52.0   47 71 62 70 78 76 68 60 49 57 65 73 38 30 22 66 
241 4 0.0 59.0   14 4 1 5 15 23 31 39 
243 1 0.0 60.0   142 134 132 140 148 156 37 29 21 13 11 19 27 35 153 198 240 
243 1 0.0 57.0   126 127 135 143 151 159 114 106 98 90 117 109 
241 2 0.0 60.0   125 123 122 121 124 
243 1 0.0 54.0   101 93 91 99 107 115 160 152 144 136 128 
244 1 0.0 44.0   133 141 149 157 150 24 16 12 20 28 36 
244 1 0.0 57.0   138 130 129 137 145 197 171 179 187 195 194 186 178 170 
244 2 0.0 60.0   139 147 155 200 192 184 172 180 188 176 173 181 189 183 191 199 154 146 
244 3 0.0 8.0   131 
245 4 0.0 56.0   182 174 216 208 205 203 
241 1 0.0 60.0   202 201 204 206 207 
245 1 0.0 38.0   10 9 17 25 33 238 230 222 214 
246 1 0.0 30.0   215 223 231 239 34 26 18 211 
246 1 0.0 32.0   210 196 237 229 221 213 190 232 224 
246 2 0.0 45.0   219 227 235 193 212 220 228 236 209 217 225 233 234 226 218 
246 3 0.0 58.0   185 177 169 161 162 163 175 
246 4 0.0 60.0   165 168 167 166 164 

