17727.36 
361 1 0.0 12.0   5 
361 2 0.0 56.0   2 10 18 9 1 4 
361 3 0.0 59.0   8 16 24 39 31 15 6 7 
361 4 0.0 59.0   3 13 21 29 37 27 19 11 23 14 28 20 
362 1 0.0 19.0   62 64 79 69 58 59 
362 2 0.0 56.0   41 52 50 43 53 55 
362 3 0.0 42.0   54 56 63 61 71 49 51 
362 4 0.0 48.0   42 44 46 48 
362 5 0.0 60.0   45 47 77 74 22 38 65 30 73 75 78 80 67 32 57 76 60 70 72 66 68 
363 1 0.0 30.0   89 91 98 100 112 109 111 
363 2 0.0 40.0   90 92 96 93 95 
363 3 0.0 44.0   87 94 104 101 103 85 
363 4 0.0 48.0   82 84 86 88 
363 5 0.0 55.0   81 83 110 106 108 97 99 118 114 116 105 107 40 113 115 102 120 117 119 
364 1 0.0 30.0   153 198 155 158 160 154 156 159 145 147 150 152 146 148 151 137 139 
364 2 0.0 39.0   142 144 157 138 140 143 149 129 131 
364 3 0.0 48.0   126 128 121 123 
364 4 0.0 48.0   122 124 127 125 
364 5 0.0 52.0   134 136 141 130 132 135 133 
365 1 0.0 33.0   193 232 196 35 240 200 199 185 190 192 188 191 177 182 184 195 194 197 
365 2 0.0 40.0   172 175 171 170 173 
365 3 0.0 48.0   162 165 164 167 
365 4 0.0 48.0   161 166 168 163 
365 5 0.0 50.0   180 183 187 186 189 169 174 176 179 178 181 
366 1 0.0 32.0   210 201 203 
366 2 0.0 36.0   204 206 208 
366 3 0.0 57.0   25 17 12 36 33 238 236 230 26 34 228 202 226 209 211 233 235 
366 4 0.0 49.0   205 207 229 231 217 219 222 224 234 220 
366 5 0.0 58.0   237 239 225 227 221 223 213 215 214 216 218 212 
367 1 0.0 34.0   254 256 262 264 275 273 274 276 278 280 277 279 267 
367 2 0.0 36.0   241 245 247 
367 3 0.0 46.0   261 263 265 266 268 251 257 258 260 270 272 269 271 259 
367 4 0.0 48.0   242 244 246 248 
367 5 0.0 52.0   253 255 249 250 252 243 
368 1 0.0 27.0   313 315 318 320 314 317 319 305 307 294 296 
368 2 0.0 39.0   302 304 316 298 301 303 308 289 291 
368 3 0.0 42.0   310 312 306 309 311 297 299 286 288 
368 4 0.0 48.0   282 285 287 284 
368 5 0.0 60.0   300 290 293 295 292 281 283 
369 1 0.0 30.0   337 339 344 358 356 359 353 355 360 354 357 345 347 352 346 349 
369 2 0.0 40.0   330 333 334 332 335 
369 3 0.0 48.0   324 327 322 325 
369 4 0.0 48.0   321 323 328 326 
369 5 0.0 50.0   338 341 350 348 351 329 331 336 342 340 343 

17498.50 
361 1 0.0 46.0   8 16 15 31 23 6 
361 2 0.0 56.0   13 21 19 11 3 10 2 
361 3 0.0 24.0   1 4 
361 4 0.0 55.0   7 12 20 14 75 40 32 24 29 37 5 
362 1 0.0 33.0   53 55 62 64 79 69 67 59 
362 2 0.0 40.0   50 52 41 43 
362 3 0.0 42.0   54 56 63 61 71 49 51 
362 4 0.0 48.0   42 44 46 48 
362 5 0.0 60.0   45 47 77 57 73 38 22 30 39 65 78 80 74 76 58 60 70 72 66 68 
363 1 0.0 30.0   98 100 112 109 111 89 91 
363 2 0.0 40.0   90 92 96 93 95 
363 3 0.0 44.0   94 104 101 103 85 87 
363 4 0.0 48.0   82 84 86 88 
363 5 0.0 54.0   81 83 110 106 108 97 99 118 114 116 105 107 113 115 102 120 117 119 
364 1 0.0 33.0   153 27 35 240 155 158 160 154 156 159 145 147 150 152 146 148 151 137 139 
364 2 0.0 39.0   142 144 157 138 140 143 149 129 131 
364 3 0.0 48.0   126 128 121 123 
364 4 0.0 48.0   122 124 127 125 
364 5 0.0 52.0   134 136 141 130 132 135 133 
365 1 0.0 30.0   193 198 200 196 199 185 190 192 188 191 177 182 184 195 194 197 
365 2 0.0 40.0   172 175 171 170 173 
365 3 0.0 48.0   162 165 164 167 
365 4 0.0 48.0   161 166 168 163 
365 5 0.0 50.0   180 183 187 186 189 169 174 176 179 178 181 
366 1 0.0 32.0   210 201 203 
366 2 0.0 36.0   204 206 208 
366 3 0.0 55.0   228 202 226 209 211 233 235 34 26 18 9 279 236 230 232 
366 4 0.0 49.0   205 207 229 231 217 219 222 224 234 220 
366 5 0.0 58.0   214 216 218 212 237 239 225 227 221 223 213 215 
367 1 0.0 42.0   254 256 262 264 275 273 274 276 278 314 315 25 17 238 280 277 267 
367 2 0.0 36.0   241 245 247 
367 3 0.0 46.0   261 263 265 266 268 251 257 258 260 270 272 269 271 259 
367 4 0.0 48.0   242 244 246 248 
367 5 0.0 52.0   243 253 255 249 250 252 
368 1 0.0 29.0   313 319 305 318 320 36 317 28 33 307 294 296 
368 2 0.0 39.0   302 304 316 298 301 303 308 289 291 
368 3 0.0 42.0   286 288 310 312 306 309 311 297 299 
368 4 0.0 48.0   282 285 287 284 
368 5 0.0 60.0   300 290 293 295 292 281 283 
369 1 0.0 30.0   337 339 344 358 356 359 353 355 360 354 357 345 347 352 346 349 
369 2 0.0 40.0   330 333 334 332 335 
369 3 0.0 48.0   324 327 322 325 
369 4 0.0 48.0   321 323 328 326 
369 5 0.0 50.0   338 341 350 348 351 329 331 336 342 340 343 

17690.61 
361 1 0.0 44.0   2 10 3 5 
361 2 0.0 48.0   1 4 6 7 
361 3 0.0 57.0   8 15 22 14 9 25 34 26 18 12 
362 1 0.0 39.0   50 41 69 64 79 62 57 59 
362 2 0.0 36.0   53 52 55 43 
362 3 0.0 42.0   54 56 63 61 71 49 51 
362 4 0.0 48.0   46 48 42 44 
362 5 0.0 58.0   45 47 77 65 39 23 31 40 67 75 78 80 74 76 58 60 70 72 66 68 
363 1 0.0 30.0   89 91 98 100 112 109 111 
363 2 0.0 40.0   90 92 96 93 95 
363 3 0.0 44.0   87 94 104 101 103 85 
363 4 0.0 48.0   82 84 86 88 
363 5 0.0 57.0   110 106 108 97 99 118 114 116 105 32 156 159 107 115 102 120 117 119 81 83 
364 1 0.0 57.0   153 240 196 155 21 13 16 24 113 158 160 154 29 37 145 147 150 152 146 148 151 137 139 
364 2 0.0 39.0   142 144 157 138 140 143 149 129 131 
364 3 0.0 48.0   126 128 121 123 
364 4 0.0 48.0   122 124 127 125 
364 5 0.0 52.0   134 136 141 130 132 135 133 
365 1 0.0 30.0   193 198 35 200 199 185 190 192 188 191 177 182 184 195 194 197 
365 2 0.0 40.0   172 175 171 170 173 
365 3 0.0 48.0   162 165 164 167 
365 4 0.0 48.0   161 166 168 163 
365 5 0.0 50.0   180 183 187 186 189 169 174 176 179 178 181 
366 1 0.0 32.0   210 201 203 
366 2 0.0 36.0   204 206 208 
366 3 0.0 54.0   226 209 211 233 235 238 11 19 27 236 230 232 228 202 
366 4 0.0 49.0   205 207 229 231 217 219 222 224 234 220 
366 5 0.0 58.0   214 216 218 212 237 239 225 227 221 223 213 215 
367 1 0.0 34.0   254 256 262 264 275 273 274 276 278 280 277 279 267 
367 2 0.0 36.0   241 245 247 
367 3 0.0 46.0   261 263 265 266 268 251 257 258 260 270 272 269 271 259 
367 4 0.0 48.0   242 244 246 248 
367 5 0.0 52.0   243 253 255 249 250 252 
368 1 0.0 43.0   313 315 318 73 38 320 30 36 28 20 17 33 314 317 319 305 307 294 296 
368 2 0.0 39.0   302 304 316 298 301 303 308 289 291 
368 3 0.0 42.0   310 312 306 309 311 297 299 286 288 
368 4 0.0 48.0   282 285 287 284 
368 5 0.0 60.0   300 290 293 295 292 281 283 
369 1 0.0 30.0   337 339 344 358 356 359 353 355 360 354 357 345 347 352 346 349 
369 2 0.0 40.0   330 333 334 332 335 
369 3 0.0 48.0   324 327 322 325 
369 4 0.0 48.0   321 323 328 326 
369 5 0.0 50.0   338 341 350 348 351 329 331 336 342 340 343 

17521.82 
361 1 0.0 60.0   8 7 6 4 1 
361 2 0.0 56.0   2 10 18 11 3 5 
361 3 0.0 42.0   113 32 24 15 22 38 28 9 12 20 
362 1 0.0 59.0   57 39 14 23 16 158 67 59 50 52 62 64 79 69 
362 2 0.0 40.0   53 55 41 43 
362 3 0.0 42.0   54 56 63 61 71 49 51 
362 4 0.0 48.0   42 44 46 48 
362 5 0.0 54.0   45 47 77 65 30 73 31 40 75 78 80 74 76 58 60 70 72 66 68 
363 1 0.0 33.0   98 159 151 100 112 109 111 89 91 
363 2 0.0 40.0   90 92 96 93 95 
363 3 0.0 44.0   87 94 104 101 103 85 
363 4 0.0 48.0   86 88 82 84 
363 5 0.0 54.0   81 83 110 106 108 97 99 118 114 116 105 37 107 115 102 120 117 119 
364 1 0.0 47.0   19 27 153 190 155 160 154 156 29 145 147 150 152 146 148 13 21 137 139 
364 2 0.0 39.0   142 144 157 138 140 143 149 129 131 
364 3 0.0 48.0   126 128 121 123 
364 4 0.0 48.0   122 124 127 125 
364 5 0.0 52.0   134 136 141 130 132 135 133 
365 1 0.0 29.0   35 198 240 200 199 185 193 192 188 191 177 182 184 195 194 197 
365 2 0.0 40.0   172 175 171 170 173 
365 3 0.0 48.0   162 165 164 167 
365 4 0.0 48.0   161 166 168 163 
365 5 0.0 50.0   180 183 187 186 189 169 174 176 179 178 181 
366 1 0.0 32.0   210 201 203 
366 2 0.0 36.0   204 206 208 
366 3 0.0 54.0   26 230 315 238 25 17 33 227 236 228 202 226 209 211 232 225 233 235 
366 4 0.0 49.0   205 207 229 231 217 219 222 224 234 220 
366 5 0.0 56.0   214 216 218 212 237 239 34 196 221 223 213 215 
367 1 0.0 34.0   254 256 262 264 275 273 274 276 278 280 277 279 267 
367 2 0.0 36.0   241 245 247 
367 3 0.0 46.0   251 257 258 260 270 272 269 271 259 261 263 265 266 268 
367 4 0.0 48.0   242 244 246 248 
367 5 0.0 52.0   243 253 255 249 250 252 
368 1 0.0 27.0   36 313 318 320 314 317 319 305 307 294 296 
368 2 0.0 39.0   302 304 316 298 301 303 308 289 291 
368 3 0.0 42.0   286 288 310 312 306 309 311 297 299 
368 4 0.0 48.0   282 285 287 284 
368 5 0.0 60.0   300 290 293 295 292 281 283 
369 1 0.0 30.0   337 339 344 358 356 359 353 355 360 354 357 345 347 352 346 349 
369 2 0.0 40.0   330 333 334 332 335 
369 3 0.0 48.0   324 327 322 325 
369 4 0.0 48.0   321 323 328 326 
369 5 0.0 50.0   338 341 350 348 351 329 331 336 342 340 343 

17577.46 
361 1 0.0 52.0   6 14 15 7 8 
361 2 0.0 12.0   3 
361 3 0.0 52.0   2 10 1 12 4 
361 4 0.0 57.0   20 318 76 57 38 23 39 113 21 13 16 32 24 29 5 
362 1 0.0 34.0   52 62 64 79 69 75 67 59 50 
362 2 0.0 40.0   53 55 41 43 
362 3 0.0 42.0   54 56 63 61 71 49 51 
362 4 0.0 48.0   42 44 46 48 
362 5 0.0 55.0   45 47 77 65 30 22 73 78 80 31 74 58 60 70 72 66 68 
363 1 0.0 30.0   98 100 112 109 111 89 91 
363 2 0.0 40.0   90 92 96 93 95 
363 3 0.0 44.0   94 104 101 103 85 87 
363 4 0.0 48.0   86 88 82 84 
363 5 0.0 54.0   81 83 110 106 108 97 99 118 114 116 105 40 107 115 102 120 117 119 
364 1 0.0 47.0   153 155 158 160 154 232 35 27 19 11 37 156 159 145 147 150 152 146 148 151 137 139 
364 2 0.0 39.0   142 144 157 138 140 143 149 129 131 
364 3 0.0 48.0   126 128 121 123 
364 4 0.0 48.0   122 124 127 125 
364 5 0.0 52.0   134 136 141 130 132 135 133 
365 1 0.0 31.0   193 198 240 196 200 199 185 190 192 188 191 177 182 184 195 194 197 
365 2 0.0 40.0   172 175 171 170 173 
365 3 0.0 48.0   162 165 164 167 
365 4 0.0 48.0   161 166 168 163 
365 5 0.0 50.0   180 183 187 186 189 169 174 176 179 178 181 
366 1 0.0 32.0   210 201 203 
366 2 0.0 36.0   204 206 208 
366 3 0.0 60.0   238 9 17 25 256 230 236 228 202 226 209 211 233 235 
366 4 0.0 57.0   205 207 229 277 26 18 34 231 217 219 222 224 234 220 
366 5 0.0 58.0   214 216 218 212 237 239 225 227 221 223 213 215 
367 1 0.0 27.0   254 314 262 264 275 273 274 276 278 33 280 279 267 
367 2 0.0 36.0   241 245 247 
367 3 0.0 46.0   251 257 258 260 270 272 269 271 259 261 263 265 266 268 
367 4 0.0 48.0   242 244 246 248 
367 5 0.0 52.0   243 253 255 249 250 252 
368 1 0.0 28.0   313 315 36 320 28 317 319 305 307 294 296 
368 2 0.0 39.0   302 304 316 298 301 303 308 289 291 
368 3 0.0 42.0   310 312 306 309 311 297 299 286 288 
368 4 0.0 48.0   282 285 287 284 
368 5 0.0 60.0   300 290 293 295 292 281 283 
369 1 0.0 30.0   337 339 344 358 356 359 353 355 360 354 357 345 347 352 346 349 
369 2 0.0 40.0   330 333 334 332 335 
369 3 0.0 48.0   324 327 322 325 
369 4 0.0 48.0   321 323 328 326 
369 5 0.0 50.0   338 341 350 348 351 329 331 336 342 340 343 

18184.49 
361 1 0.0 42.0   5 27 19 3 2 
361 2 0.0 60.0   8 7 4 20 9 1 
361 3 0.0 59.0   13 21 37 39 57 14 22 36 25 17 18 32 24 23 16 
362 1 0.0 34.0   50 52 62 64 79 69 40 67 59 
362 2 0.0 40.0   53 55 41 43 
362 3 0.0 42.0   54 56 63 61 71 49 51 
362 4 0.0 48.0   42 44 46 48 
362 5 0.0 51.0   45 47 77 65 30 73 75 78 80 74 76 58 60 70 72 66 68 
363 1 0.0 30.0   98 100 112 109 111 89 91 
363 2 0.0 40.0   90 92 96 93 95 
363 3 0.0 44.0   94 104 101 103 85 87 
363 4 0.0 48.0   82 84 86 88 
363 5 0.0 54.0   81 83 110 106 108 97 99 118 114 116 105 107 113 115 102 120 117 119 
364 1 0.0 35.0   153 232 240 155 158 160 154 156 159 29 35 145 147 150 152 146 148 151 137 139 
364 2 0.0 39.0   142 144 157 138 140 143 149 129 131 
364 3 0.0 48.0   126 128 121 123 
364 4 0.0 48.0   122 124 127 125 
364 5 0.0 52.0   134 136 141 130 132 135 133 
365 1 0.0 30.0   177 182 184 195 194 197 193 198 200 196 199 185 190 192 188 191 
365 2 0.0 40.0   172 175 171 170 173 
365 3 0.0 48.0   162 165 164 167 
365 4 0.0 48.0   161 166 168 163 
365 5 0.0 50.0   180 183 187 186 189 169 174 176 179 178 181 
366 1 0.0 32.0   203 210 201 
366 2 0.0 36.0   204 206 208 
366 3 0.0 57.0   238 10 11 34 236 230 26 228 202 226 209 211 233 235 
366 4 0.0 49.0   205 207 229 231 217 219 222 224 234 220 
366 5 0.0 58.0   214 216 218 212 239 237 225 227 221 223 213 215 
367 1 0.0 36.0   254 264 33 256 314 262 275 273 274 276 278 280 277 279 267 
367 2 0.0 36.0   241 245 247 
367 3 0.0 46.0   261 263 265 266 268 251 257 258 260 270 272 269 271 259 
367 4 0.0 48.0   242 244 246 248 
367 5 0.0 52.0   253 255 249 250 252 243 
368 1 0.0 59.0   313 315 318 320 38 31 15 6 12 28 317 319 305 307 294 296 
368 2 0.0 39.0   302 304 316 298 301 303 308 289 291 
368 3 0.0 42.0   310 312 306 309 311 297 299 286 288 
368 4 0.0 48.0   282 285 287 284 
368 5 0.0 60.0   300 290 293 295 292 281 283 
369 1 0.0 30.0   337 339 344 358 356 359 353 355 360 354 357 345 347 352 346 349 
369 2 0.0 40.0   330 333 334 332 335 
369 3 0.0 48.0   324 327 322 325 
369 4 0.0 48.0   321 323 328 326 
369 5 0.0 50.0   338 341 350 348 351 329 331 336 342 340 343 

17543.65 
361 1 0.0 56.0   1 10 2 3 5 
361 2 0.0 56.0   7 6 14 20 12 4 
361 3 0.0 58.0   13 21 24 15 17 28 31 58 65 57 8 23 
362 1 0.0 33.0   50 52 62 64 79 69 67 59 
362 2 0.0 40.0   53 55 41 43 
362 3 0.0 42.0   54 56 63 61 71 49 51 
362 4 0.0 48.0   42 44 46 48 
362 5 0.0 59.0   45 47 77 16 30 38 22 73 320 78 80 74 39 76 60 70 72 66 68 
363 1 0.0 30.0   98 100 112 109 111 89 91 
363 2 0.0 40.0   90 92 96 93 95 
363 3 0.0 44.0   87 94 104 101 103 85 
363 4 0.0 48.0   86 88 82 84 
363 5 0.0 56.0   81 83 110 106 108 97 99 118 114 116 105 107 75 40 113 115 102 120 117 119 
364 1 0.0 49.0   150 152 146 148 29 32 151 137 37 139 155 158 160 154 153 27 35 19 11 156 159 145 147 
364 2 0.0 39.0   142 144 157 138 140 143 149 129 131 
364 3 0.0 48.0   126 128 121 123 
364 4 0.0 48.0   122 124 127 125 
364 5 0.0 52.0   134 136 141 130 132 135 133 
365 1 0.0 33.0   193 196 198 232 240 200 199 185 190 192 188 191 177 182 184 195 194 197 
365 2 0.0 40.0   172 175 171 170 173 
365 3 0.0 48.0   162 165 164 167 
365 4 0.0 48.0   161 166 168 163 
365 5 0.0 50.0   180 183 187 186 189 169 174 176 179 178 181 
366 1 0.0 32.0   203 210 201 
366 2 0.0 36.0   206 208 204 
366 3 0.0 56.0   226 209 211 233 235 34 26 18 9 25 33 236 238 230 228 202 
366 4 0.0 49.0   205 207 229 231 217 219 222 224 234 220 
366 5 0.0 58.0   214 216 218 212 237 239 225 227 221 223 213 215 
367 1 0.0 34.0   254 256 262 264 275 273 274 276 278 280 277 279 267 
367 2 0.0 36.0   241 245 247 
367 3 0.0 46.0   261 263 265 266 268 251 257 258 260 270 272 269 271 259 
367 4 0.0 48.0   242 244 246 248 
367 5 0.0 52.0   243 253 255 249 250 252 
368 1 0.0 27.0   313 315 36 318 314 317 319 305 307 294 296 
368 2 0.0 39.0   302 304 316 298 301 303 308 289 291 
368 3 0.0 42.0   286 288 310 312 306 309 311 297 299 
368 4 0.0 48.0   282 285 287 284 
368 5 0.0 60.0   300 290 293 295 292 281 283 
369 1 0.0 30.0   337 339 344 358 356 359 353 355 360 354 357 345 347 352 346 349 
369 2 0.0 40.0   330 333 334 332 335 
369 3 0.0 48.0   324 327 322 325 
369 4 0.0 48.0   321 323 328 326 
369 5 0.0 50.0   338 341 350 348 351 329 331 336 342 340 343 

17802.83 
361 1 0.0 44.0   2 4 12 6 
361 2 0.0 36.0   5 8 7 
361 3 0.0 54.0   23 32 24 16 21 1 9 17 10 
362 1 0.0 35.0   57 59 50 52 62 64 79 69 
362 2 0.0 40.0   53 55 41 43 
362 3 0.0 42.0   54 56 63 61 71 49 51 
362 4 0.0 48.0   46 48 42 44 
362 5 0.0 57.0   45 47 77 65 30 73 39 31 158 113 67 78 80 74 76 58 60 70 72 66 68 
363 1 0.0 30.0   98 100 112 109 111 89 91 
363 2 0.0 40.0   90 92 96 93 95 
363 3 0.0 44.0   87 94 104 101 103 85 
363 4 0.0 48.0   86 88 82 84 
363 5 0.0 57.0   81 83 110 106 108 97 99 118 75 40 114 116 105 37 156 107 115 102 120 117 119 
364 1 0.0 59.0   150 152 146 148 27 137 139 145 153 155 160 154 11 3 13 29 151 159 147 
364 2 0.0 41.0   142 144 157 138 240 35 140 143 149 129 131 
364 3 0.0 48.0   126 128 121 123 
364 4 0.0 48.0   122 124 127 125 
364 5 0.0 52.0   134 136 141 130 132 135 133 
365 1 0.0 30.0   193 198 200 196 199 185 190 192 188 191 177 182 184 195 194 197 
365 2 0.0 40.0   172 175 171 170 173 
365 3 0.0 48.0   162 165 164 167 
365 4 0.0 48.0   161 166 168 163 
365 5 0.0 50.0   180 183 187 186 189 169 174 176 179 178 181 
366 1 0.0 32.0   203 210 201 
366 2 0.0 36.0   204 206 208 
366 3 0.0 58.0   226 209 211 233 235 33 238 36 317 28 25 34 18 19 26 236 230 232 228 202 
366 4 0.0 49.0   205 207 229 231 217 219 222 224 234 220 
366 5 0.0 58.0   214 216 218 212 237 239 225 227 221 223 213 215 
367 1 0.0 34.0   254 256 262 264 275 273 274 276 278 280 277 279 267 
367 2 0.0 36.0   241 245 247 
367 3 0.0 46.0   251 257 258 260 270 272 269 271 259 261 263 265 266 268 
367 4 0.0 48.0   242 244 246 248 
367 5 0.0 52.0   253 255 249 250 252 243 
368 1 0.0 51.0   313 315 318 320 38 14 22 15 20 314 319 305 307 294 296 
368 2 0.0 39.0   302 304 316 298 301 303 308 289 291 
368 3 0.0 42.0   310 312 306 309 311 297 299 286 288 
368 4 0.0 48.0   282 285 287 284 
368 5 0.0 60.0   300 290 293 295 292 281 283 
369 1 0.0 30.0   337 339 344 358 356 359 353 355 360 354 357 345 347 352 346 349 
369 2 0.0 40.0   330 333 334 332 335 
369 3 0.0 48.0   324 327 322 325 
369 4 0.0 48.0   321 323 328 326 
369 5 0.0 50.0   338 341 350 348 351 329 331 336 342 340 343 

17905.96 
361 1 0.0 60.0   2 4 7 8 5 
361 2 0.0 56.0   16 24 29 3 18 26 10 1 20 
362 1 0.0 58.0   50 63 62 64 79 69 31 73 12 6 30 65 57 59 
362 2 0.0 40.0   53 55 41 43 
362 3 0.0 46.0   52 49 56 61 71 54 51 
362 4 0.0 48.0   46 48 42 44 
362 5 0.0 52.0   45 47 58 77 32 40 67 75 78 80 74 39 76 60 70 72 66 68 
363 1 0.0 30.0   89 91 98 100 112 109 111 
363 2 0.0 40.0   90 92 96 93 95 
363 3 0.0 44.0   87 94 104 101 103 85 
363 4 0.0 48.0   86 88 82 84 
363 5 0.0 54.0   110 106 108 97 99 118 114 116 105 107 113 115 102 120 117 119 81 83 
364 1 0.0 57.0   150 152 146 148 151 137 27 19 13 21 11 153 139 155 158 160 154 156 159 37 35 145 147 
364 2 0.0 39.0   142 144 157 138 140 143 149 129 131 
364 3 0.0 48.0   126 128 121 123 
364 4 0.0 48.0   122 124 127 125 
364 5 0.0 52.0   134 136 141 130 132 135 133 
365 1 0.0 30.0   193 198 200 196 199 185 190 192 188 191 177 182 184 195 194 197 
365 2 0.0 40.0   172 175 171 170 173 
365 3 0.0 48.0   162 165 164 167 
365 4 0.0 48.0   161 166 168 163 
365 5 0.0 50.0   180 183 187 186 189 169 174 176 179 178 181 
366 1 0.0 32.0   203 210 201 
366 2 0.0 36.0   206 208 204 
366 3 0.0 57.0   226 209 211 233 235 238 33 25 17 9 34 240 236 230 232 228 202 
366 4 0.0 49.0   205 207 229 231 217 219 222 224 234 220 
366 5 0.0 58.0   214 216 218 212 237 239 225 227 221 223 213 215 
367 1 0.0 34.0   254 256 262 264 275 273 274 276 278 280 277 279 267 
367 2 0.0 36.0   241 245 247 
367 3 0.0 46.0   261 263 265 266 268 251 257 258 260 270 272 269 271 259 
367 4 0.0 48.0   242 244 246 248 
367 5 0.0 52.0   253 255 249 250 252 243 
368 1 0.0 55.0   313 315 318 320 38 22 23 15 14 28 36 314 317 319 305 307 294 296 
368 2 0.0 39.0   302 304 316 298 301 303 308 289 291 
368 3 0.0 42.0   310 312 306 309 311 297 299 286 288 
368 4 0.0 48.0   282 285 287 284 
368 5 0.0 60.0   300 290 293 295 292 281 283 
369 1 0.0 30.0   337 339 344 358 356 359 353 355 360 354 357 345 347 352 346 349 
369 2 0.0 40.0   330 333 334 332 335 
369 3 0.0 48.0   324 327 322 325 
369 4 0.0 48.0   321 323 328 326 
369 5 0.0 50.0   338 341 350 348 351 329 331 336 342 340 343 

17403.03 
361 1 0.0 56.0   4 6 7 16 8 
361 2 0.0 36.0   5 3 2 
361 3 0.0 53.0   15 23 31 75 32 24 13 19 11 18 10 
362 1 0.0 41.0   50 51 52 62 64 79 69 67 59 
362 2 0.0 40.0   41 43 53 55 
362 3 0.0 38.0   54 56 63 61 71 58 49 
362 4 0.0 48.0   46 48 42 44 
362 5 0.0 59.0   45 47 77 14 65 73 30 22 78 80 74 39 76 60 70 72 66 68 
363 1 0.0 30.0   89 91 98 100 112 109 111 
363 2 0.0 40.0   90 92 96 93 95 
363 3 0.0 44.0   87 94 104 101 103 85 
363 4 0.0 48.0   82 84 86 88 
363 5 0.0 54.0   110 106 108 97 99 118 114 116 105 113 107 115 102 120 117 119 81 83 
364 1 0.0 41.0   153 232 27 155 37 29 21 40 158 160 154 156 159 145 147 150 152 146 148 151 137 139 
364 2 0.0 39.0   142 144 157 138 140 143 149 129 131 
364 3 0.0 48.0   126 128 121 123 
364 4 0.0 48.0   122 124 127 125 
364 5 0.0 52.0   134 136 141 130 132 135 133 
365 1 0.0 30.0   193 198 200 196 199 185 190 192 188 191 177 182 184 195 194 197 
365 2 0.0 40.0   172 175 171 170 173 
365 3 0.0 48.0   162 165 164 167 
365 4 0.0 48.0   161 166 168 163 
365 5 0.0 50.0   180 183 187 186 189 169 174 176 179 178 181 
366 1 0.0 32.0   210 201 203 
366 2 0.0 36.0   206 208 204 
366 3 0.0 52.0   226 209 211 233 235 34 17 33 25 238 315 280 35 240 236 230 26 228 202 
366 4 0.0 49.0   205 207 229 231 217 219 222 224 234 220 
366 5 0.0 58.0   237 239 225 227 221 223 213 215 214 216 218 212 
367 1 0.0 34.0   254 256 262 264 275 273 274 276 278 314 279 277 267 
367 2 0.0 36.0   241 245 247 
367 3 0.0 46.0   261 263 265 266 268 251 257 258 260 270 272 269 271 259 
367 4 0.0 48.0   242 244 246 248 
367 5 0.0 52.0   253 255 249 250 252 243 
368 1 0.0 60.0   294 296 36 313 318 320 9 20 12 1 28 317 319 305 307 
368 2 0.0 39.0   302 304 316 298 301 303 308 289 291 
368 3 0.0 42.0   310 312 306 309 311 297 299 286 288 
368 4 0.0 48.0   282 285 287 284 
368 5 0.0 60.0   300 290 293 295 292 281 283 
369 1 0.0 35.0   337 339 344 358 356 359 353 355 38 57 360 354 357 345 347 352 346 349 
369 2 0.0 40.0   330 333 334 332 335 
369 3 0.0 48.0   324 327 322 325 
369 4 0.0 48.0   321 323 328 326 
369 5 0.0 50.0   338 341 350 348 351 329 331 336 342 340 343 


19637.54 
361 1 0.0 32.0   14 16 10 12 
361 2 0.0 40.0   1 3 13 15 
361 3 0.0 44.0   30 32 26 28 33 35 38 40 34 36 37 39 25 27 5 7 
361 4 0.0 48.0   2 4 6 8 
361 5 0.0 52.0   21 23 9 11 29 31 17 19 22 24 18 20 
362 1 0.0 35.0   50 52 62 64 79 69 57 59 
362 2 0.0 40.0   41 43 53 55 
362 3 0.0 42.0   54 56 63 61 71 49 51 
362 4 0.0 48.0   46 48 42 44 
362 5 0.0 51.0   45 47 77 65 67 73 75 78 80 74 76 58 60 70 72 66 68 
363 1 0.0 30.0   89 91 98 100 112 109 111 
363 2 0.0 40.0   90 92 96 93 95 
363 3 0.0 44.0   87 94 104 101 103 85 
363 4 0.0 48.0   82 84 86 88 
363 5 0.0 54.0   110 106 108 97 99 118 114 116 105 107 113 115 102 120 117 119 81 83 
364 1 0.0 29.0   153 155 158 160 154 156 159 145 147 150 152 146 148 151 137 139 
364 2 0.0 39.0   142 144 157 138 140 143 149 129 131 
364 3 0.0 48.0   126 128 121 123 
364 4 0.0 48.0   122 124 127 125 
364 5 0.0 52.0   134 136 141 130 132 135 133 
365 1 0.0 30.0   177 182 184 195 194 197 193 198 200 196 199 185 190 192 188 191 
365 2 0.0 40.0   172 175 171 170 173 
365 3 0.0 48.0   162 165 164 167 
365 4 0.0 48.0   161 166 168 163 
365 5 0.0 50.0   180 183 187 186 189 169 174 176 179 178 181 
366 1 0.0 32.0   203 210 201 
366 2 0.0 36.0   204 206 208 
366 3 0.0 41.0   226 209 211 233 235 238 240 236 230 232 228 202 
366 4 0.0 49.0   205 207 229 231 217 219 222 224 234 220 
366 5 0.0 58.0   237 239 225 227 221 223 213 215 214 216 218 212 
367 1 0.0 34.0   254 256 262 264 275 273 274 276 278 280 277 279 267 
367 2 0.0 36.0   241 245 247 
367 3 0.0 46.0   261 263 265 266 268 251 257 258 260 270 272 269 271 259 
367 4 0.0 48.0   242 244 246 248 
367 5 0.0 52.0   243 253 255 249 250 252 
368 1 0.0 27.0   313 315 318 320 314 317 319 305 307 294 296 
368 2 0.0 39.0   302 304 316 298 301 303 308 289 291 
368 3 0.0 42.0   286 288 310 312 306 309 311 297 299 
368 4 0.0 48.0   282 285 287 284 
368 5 0.0 60.0   300 290 293 295 292 281 283 
369 1 0.0 30.0   337 339 344 358 356 359 353 355 360 354 357 345 347 352 346 349 
369 2 0.0 40.0   330 333 334 332 335 
369 3 0.0 48.0   324 327 322 325 
369 4 0.0 48.0   321 323 328 326 
369 5 0.0 50.0   338 341 350 348 351 329 331 336 342 340 343 

