11853.71 
361 1 0.0 36.0   1 2 3 
361 2 0.0 56.0   132 126 127 128 135 143 
361 3 0.0 58.0   14 49 41 50 58 66 74 39 31 23 15 
361 4 0.0 60.0   121 122 123 125 124 
361 5 0.0 44.0   7 5 16 8 
362 6 0.0 60.0   54 62 70 78 360 352 344 336 328 325 65 57 
362 1 0.0 57.0   327 335 343 351 359 334 342 350 358 356 348 340 332 
362 2 0.0 60.0   323 322 321 324 326 
362 3 0.0 60.0   53 44 48 61 43 42 
362 4 0.0 59.0   51 45 55 71 79 63 46 47 
363 5 0.0 57.0   164 166 167 175 183 191 199 154 146 151 159 
363 1 0.0 60.0   168 165 163 162 161 
363 2 0.0 60.0   160 152 144 136 133 141 149 157 131 139 147 155 200 192 184 176 
363 3 0.0 60.0   98 90 82 81 84 86 
363 4 0.0 60.0   113 75 114 106 83 99 107 115 87 88 85 
364 5 0.0 57.0   215 223 231 239 34 26 18 10 9 17 25 33 238 280 315 307 158 150 142 
364 1 0.0 60.0   201 204 206 207 208 
364 2 0.0 58.0   180 188 196 237 229 221 213 205 203 202 
364 3 0.0 52.0   138 130 129 137 145 153 35 240 198 190 182 174 172 
365 4 0.0 33.0   186 194 171 179 187 195 197 189 181 173 
366 1 0.0 57.0   210 218 226 234 211 219 227 235 193 185 177 169 170 178 
361 1 0.0 60.0   96 104 112 120 117 109 101 93 52 60 68 76 357 349 341 333 
366 1 0.0 57.0   24 32 67 59 56 64 72 80 118 110 102 94 95 103 111 119 
367 1 0.0 59.0   29 37 156 148 140 134 105 97 89 92 100 108 116 77 69 91 40 
367 1 0.0 56.0   272 230 222 214 216 224 232 27 19 11 13 21 
367 2 0.0 57.0   254 262 270 278 313 305 297 289 292 300 308 316 264 256 
367 3 0.0 12.0   260 252 
368 4 0.0 33.0   250 258 266 274 249 257 265 273 276 268 
368 1 0.0 60.0   253 261 269 277 236 228 220 212 209 217 225 233 275 267 259 251 
368 2 0.0 60.0   241 242 243 245 248 
368 3 0.0 58.0   298 306 314 279 271 263 255 247 246 244 
368 4 0.0 20.0   299 291 290 
369 5 0.0 60.0   293 301 309 317 36 28 20 12 4 6 22 30 
369 1 0.0 32.0   331 339 347 355 73 38 320 312 304 296 
369 2 0.0 54.0   288 287 295 303 311 319 354 346 338 330 
369 3 0.0 60.0   284 281 282 283 285 
369 4 0.0 42.0   329 337 345 353 318 310 302 294 286 

11690.10 
361 1 0.0 24.0   1 4 
361 2 0.0 60.0   127 125 128 135 143 134 142 
361 3 0.0 58.0   14 22 30 65 57 49 50 58 66 74 39 31 23 15 
361 4 0.0 60.0   126 124 123 122 121 
361 5 0.0 60.0   2 3 5 8 7 
362 6 0.0 30.0   54 62 70 78 360 352 44 
362 1 0.0 57.0   327 335 343 351 359 334 342 350 358 356 348 340 332 
362 2 0.0 60.0   328 326 321 324 325 
362 3 0.0 60.0   61 53 45 43 42 41 
362 4 0.0 59.0   55 51 48 79 71 63 46 47 
363 5 0.0 60.0   164 166 167 175 183 191 199 154 146 159 151 114 106 
363 1 0.0 60.0   168 165 163 162 161 
363 2 0.0 60.0   160 152 144 136 133 141 149 157 131 139 147 155 200 192 184 176 
363 3 0.0 60.0   98 90 82 81 84 86 
363 4 0.0 59.0   67 75 113 83 99 107 115 87 88 85 
364 5 0.0 53.0   215 223 231 239 34 26 18 10 9 17 25 33 238 280 315 307 150 158 
364 1 0.0 60.0   201 204 206 207 208 
364 2 0.0 58.0   180 188 196 237 229 221 213 205 203 202 
364 3 0.0 52.0   130 138 129 137 145 153 35 240 198 190 182 174 172 
365 4 0.0 33.0   186 194 171 179 187 195 197 189 181 173 
366 1 0.0 57.0   210 218 226 234 211 219 227 235 193 185 177 169 170 178 
361 1 0.0 60.0   96 104 112 120 117 109 101 93 52 60 68 76 357 349 341 333 
361 1 0.0 59.0   16 32 59 56 64 72 80 118 110 102 94 95 103 111 119 
367 2 0.0 59.0   29 37 156 148 140 132 105 97 89 92 100 108 116 77 69 91 40 
367 1 0.0 56.0   272 230 222 214 216 224 232 27 19 11 13 21 
367 2 0.0 57.0   254 262 270 278 313 305 297 289 292 300 308 316 264 256 
367 3 0.0 12.0   260 252 
368 4 0.0 33.0   250 258 266 274 249 257 265 273 276 268 
368 1 0.0 60.0   253 261 269 277 236 228 220 212 209 217 225 233 275 267 259 251 
368 2 0.0 60.0   241 242 243 245 248 
368 3 0.0 58.0   298 306 314 279 271 263 255 247 246 244 
368 4 0.0 20.0   299 291 290 
369 5 0.0 58.0   293 301 309 317 36 28 20 12 6 24 344 336 
369 1 0.0 56.0   331 339 347 355 73 38 320 312 304 296 323 322 
369 2 0.0 54.0   288 287 295 303 311 319 354 346 338 330 
369 3 0.0 60.0   284 281 282 283 285 
369 4 0.0 42.0   329 337 345 353 318 310 302 294 286 

