604.66 
51 1 0.0 79.0   13 41 40 19 42 
51 2 0.0 78.0   44 37 17 18 4 
52 1 0.0 78.0   22 28 31 26 8 27 
52 2 0.0 59.0   46 12 47 
52 3 0.0 64.0   6 14 25 
52 4 0.0 73.0   48 23 7 43 24 
53 1 0.0 56.0   30 39 10 49 
53 2 0.0 70.0   34 21 16 50 9 
53 3 0.0 79.0   33 45 15 5 38 
54 1 0.0 67.0   20 3 36 35 
54 2 0.0 74.0   11 32 1 2 29 

614.22 
51 1 0.0 79.0   42 19 40 41 13 
51 2 0.0 50.0   4 18 
51 3 0.0 71.0   44 45 33 15 37 17 
52 1 0.0 54.0   12 47 
52 2 0.0 79.0   27 6 14 25 
52 3 0.0 73.0   48 23 7 43 24 
52 4 0.0 73.0   26 8 1 32 11 46 
53 1 0.0 74.0   30 39 10 5 38 
53 2 0.0 80.0   49 34 50 16 9 
54 1 0.0 8.0   21 
54 2 0.0 64.0   29 2 20 
54 3 0.0 72.0   35 36 3 28 31 22 

627.37 
51 1 0.0 56.0   42 19 40 41 
51 2 0.0 78.0   44 37 17 18 4 
51 3 0.0 72.0   14 25 13 
52 1 0.0 59.0   47 12 46 
52 2 0.0 78.0   6 48 27 32 11 
52 3 0.0 79.0   8 7 43 24 23 
53 1 0.0 44.0   9 38 49 
53 2 0.0 75.0   10 30 34 50 16 
53 3 0.0 78.0   5 15 45 33 39 
54 1 0.0 14.0   29 21 
54 2 0.0 67.0   20 3 36 35 
54 3 0.0 77.0   2 1 26 31 28 22 

625.18 
51 1 0.0 56.0   41 40 19 42 
51 2 0.0 78.0   44 37 17 18 4 
51 3 0.0 51.0   25 13 
52 1 0.0 54.0   12 47 
52 2 0.0 73.0   1 8 26 7 48 
52 3 0.0 73.0   14 24 43 23 6 
52 4 0.0 51.0   27 32 11 46 
53 1 0.0 59.0   9 50 21 16 38 
53 2 0.0 68.0   34 30 10 49 
53 3 0.0 78.0   5 15 45 33 39 
54 1 0.0 67.0   20 3 36 35 
54 2 0.0 69.0   28 31 22 2 29 

634.68 
51 1 0.0 78.0   44 37 17 18 4 
51 2 0.0 79.0   13 41 40 19 42 
52 1 0.0 79.0   14 25 47 46 
52 2 0.0 29.0   12 
52 3 0.0 71.0   23 7 43 24 6 
52 4 0.0 70.0   27 48 1 32 11 
53 1 0.0 42.0   49 10 30 
53 2 0.0 77.0   9 34 50 16 38 
53 3 0.0 78.0   39 33 45 15 5 
54 1 0.0 28.0   20 
54 2 0.0 78.0   8 26 31 28 36 35 
54 3 0.0 68.0   21 29 2 22 3 

631.51 
51 1 0.0 56.0   41 40 19 42 
51 2 0.0 37.0   44 37 17 4 
51 3 0.0 72.0   14 25 13 
52 1 0.0 66.0   47 18 
52 2 0.0 34.0   46 12 
52 3 0.0 71.0   6 24 43 7 23 
52 4 0.0 74.0   27 48 26 8 32 
53 1 0.0 64.0   34 30 39 10 
53 2 0.0 73.0   49 11 16 50 9 
53 3 0.0 79.0   33 45 15 5 38 
54 1 0.0 73.0   35 36 3 20 29 
54 2 0.0 78.0   28 31 22 1 2 21 

619.93 
51 1 0.0 56.0   41 40 19 42 
51 2 0.0 78.0   44 37 17 18 4 
51 3 0.0 72.0   14 25 13 
52 1 0.0 59.0   47 12 46 
52 2 0.0 74.0   32 8 26 48 27 
52 3 0.0 71.0   6 24 43 7 23 
53 1 0.0 72.0   10 39 30 34 21 
53 2 0.0 73.0   9 50 16 11 49 
53 3 0.0 79.0   33 45 15 5 38 
54 1 0.0 67.0   20 3 36 35 
54 2 0.0 76.0   29 2 1 22 31 28 

647.93 
51 1 0.0 75.0   41 40 19 42 44 17 
51 2 0.0 51.0   25 13 
52 1 0.0 79.0   12 4 18 
52 2 0.0 75.0   27 8 26 31 1 32 
52 3 0.0 71.0   47 14 24 6 
52 4 0.0 68.0   46 48 7 43 23 
53 1 0.0 67.0   16 11 38 49 
53 2 0.0 80.0   9 50 34 30 39 
53 3 0.0 78.0   10 33 45 15 37 5 
54 1 0.0 51.0   35 36 20 
54 2 0.0 6.0   29 
54 3 0.0 76.0   2 22 28 3 21 

607.79 
51 1 0.0 50.0   4 18 
51 2 0.0 79.0   13 41 40 19 42 
51 3 0.0 78.0   17 12 5 37 44 
52 1 0.0 74.0   14 25 47 
52 2 0.0 71.0   6 24 43 7 23 
52 3 0.0 79.0   46 32 1 8 48 27 
53 1 0.0 49.0   38 11 16 
53 2 0.0 74.0   9 50 21 34 30 
53 3 0.0 80.0   49 15 45 33 39 10 
54 1 0.0 67.0   35 36 3 20 
54 2 0.0 76.0   29 2 22 26 31 28 

634.68 
51 1 0.0 78.0   44 37 17 18 4 
51 2 0.0 79.0   42 19 40 41 13 
52 1 0.0 34.0   12 46 
52 2 0.0 71.0   6 24 43 7 23 
52 3 0.0 74.0   47 25 14 
52 4 0.0 74.0   32 1 8 48 27 
53 1 0.0 73.0   9 50 16 11 49 
53 2 0.0 64.0   34 30 39 10 
53 3 0.0 79.0   15 45 33 5 38 
54 1 0.0 67.0   3 20 35 36 
54 2 0.0 14.0   21 29 
54 3 0.0 70.0   2 22 26 31 28 

