699.93 
76 1 0.0 79.0   6 68 4 75 
76 2 0.0 125.0   26 7 8 46 34 67 
77 1 0.0 76.0   48 30 45 29 
77 2 0.0 117.0   5 37 36 69 61 21 47 
77 3 0.0 135.0   27 52 54 13 57 15 20 70 60 71 
78 1 0.0 80.0   14 59 19 35 
78 2 0.0 129.0   38 65 66 11 53 
79 1 0.0 134.0   12 72 58 10 31 39 9 
79 2 0.0 127.0   3 24 49 16 51 17 40 
79 3 0.0 101.0   32 25 55 18 50 44 
80 1 0.0 129.0   1 33 22 64 42 41 43 
80 2 0.0 132.0   73 62 28 74 2 63 23 56 

697.86 
76 1 0.0 108.0   4 30 2 68 75 
76 2 0.0 113.0   67 34 52 46 26 
77 1 0.0 20.0   48 
77 2 0.0 131.0   20 70 60 71 36 69 61 21 47 
77 3 0.0 136.0   29 45 27 13 54 57 15 37 5 
78 1 0.0 133.0   53 14 59 19 8 35 7 
78 2 0.0 128.0   58 38 65 66 11 
79 1 0.0 114.0   16 63 6 51 17 40 
79 2 0.0 126.0   44 32 50 25 9 39 
79 3 0.0 131.0   3 49 24 18 55 31 10 72 12 
80 1 0.0 138.0   1 33 73 62 74 28 22 43 
80 2 0.0 86.0   64 42 41 56 23 

717.36 
76 1 0.0 126.0   67 46 34 4 75 
76 2 0.0 121.0   26 17 40 44 3 51 68 
77 1 0.0 140.0   29 45 57 15 71 60 70 20 37 5 
77 2 0.0 134.0   47 36 69 61 21 74 30 48 
78 1 0.0 120.0   19 54 13 27 52 8 35 7 
78 2 0.0 76.0   58 38 65 53 
78 3 0.0 129.0   11 66 59 14 
79 1 0.0 122.0   32 9 39 25 18 50 
79 2 0.0 126.0   16 49 24 55 31 10 72 12 
80 1 0.0 140.0   1 73 62 28 22 64 42 43 
80 2 0.0 130.0   2 6 33 63 23 56 41 

703.91 
76 1 0.0 123.0   75 30 45 4 67 
77 1 0.0 137.0   29 27 13 54 57 15 20 37 5 
77 2 0.0 139.0   48 74 21 61 69 71 60 70 36 47 
78 1 0.0 121.0   7 46 34 52 8 19 35 
78 2 0.0 129.0   38 65 66 11 53 
78 3 0.0 55.0   59 14 
79 1 0.0 135.0   51 6 17 26 12 40 44 
79 2 0.0 124.0   16 49 24 32 9 39 
79 3 0.0 140.0   3 50 18 55 25 31 10 58 72 
80 1 0.0 131.0   62 28 22 64 42 41 43 
80 2 0.0 130.0   1 73 2 68 33 63 23 56 

684.68 
76 1 0.0 127.0   75 6 68 4 67 26 
77 1 0.0 78.0   30 2 74 48 
77 2 0.0 122.0   29 45 27 13 54 57 15 5 
77 3 0.0 130.0   21 69 71 60 70 20 37 36 47 
78 1 0.0 106.0   35 8 52 34 46 7 
78 2 0.0 133.0   58 10 31 38 11 
78 3 0.0 138.0   53 65 66 59 14 19 
79 1 0.0 28.0   3 44 
79 2 0.0 125.0   32 25 55 18 24 49 16 51 
79 3 0.0 137.0   17 40 12 72 39 9 50 
80 1 0.0 130.0   73 33 63 23 56 41 42 64 
80 2 0.0 110.0   43 1 62 28 61 22 

723.42 
76 1 0.0 135.0   26 7 35 8 46 34 67 
77 1 0.0 139.0   45 27 52 4 75 68 30 
77 2 0.0 118.0   5 37 36 69 61 21 48 
77 3 0.0 131.0   29 13 54 57 15 20 70 60 71 47 
78 1 0.0 139.0   14 11 38 31 72 58 
78 2 0.0 133.0   53 10 65 66 59 19 
79 1 0.0 31.0   6 51 
79 2 0.0 140.0   40 50 25 55 18 24 49 16 
79 3 0.0 137.0   17 12 39 9 32 44 3 
80 1 0.0 126.0   1 43 41 42 64 22 62 73 
80 2 0.0 135.0   28 74 2 33 63 23 56 

670.58 
76 1 0.0 108.0   26 67 4 68 75 
77 1 0.0 140.0   48 30 74 21 69 36 47 5 
77 2 0.0 136.0   29 45 27 57 15 20 70 60 71 37 
78 1 0.0 134.0   35 8 46 34 52 13 54 19 
78 2 0.0 138.0   11 65 66 59 14 
78 3 0.0 134.0   7 58 72 31 10 38 53 
79 1 0.0 119.0   16 51 6 17 12 40 
79 2 0.0 56.0   32 44 3 
79 3 0.0 133.0   39 9 25 55 50 18 24 49 
80 1 0.0 139.0   62 2 28 61 22 64 42 
80 2 0.0 127.0   1 73 33 63 23 56 41 43 

687.81 
76 1 0.0 127.0   26 67 4 68 6 75 
77 1 0.0 134.0   48 30 74 21 61 69 36 47 
77 2 0.0 140.0   29 45 57 15 20 70 60 71 37 5 
78 1 0.0 136.0   35 8 46 34 52 27 13 54 
78 2 0.0 132.0   19 7 58 10 38 65 53 
78 3 0.0 129.0   11 66 59 14 
79 1 0.0 134.0   40 39 9 32 44 3 
79 2 0.0 51.0   16 51 17 
79 3 0.0 130.0   49 24 18 50 25 55 31 72 12 
80 1 0.0 126.0   43 41 42 64 22 62 73 1 
80 2 0.0 125.0   28 2 33 63 23 56 

706.88 
76 1 0.0 133.0   75 4 30 68 6 51 17 
76 2 0.0 135.0   67 26 58 72 39 40 12 
77 1 0.0 131.0   29 5 37 36 69 61 21 48 
77 2 0.0 139.0   45 13 54 57 15 20 70 60 71 47 
78 1 0.0 138.0   7 46 34 27 52 8 19 35 
78 2 0.0 97.0   10 31 38 53 
78 3 0.0 138.0   14 59 66 65 11 
79 1 0.0 113.0   32 9 25 55 18 50 
79 2 0.0 79.0   3 44 24 49 16 
80 1 0.0 126.0   1 73 62 22 64 42 41 43 
80 2 0.0 135.0   28 74 2 33 63 23 56 

709.17 
76 1 0.0 79.0   6 68 4 75 
76 2 0.0 130.0   67 34 46 26 12 17 
77 1 0.0 76.0   48 30 45 29 
77 2 0.0 131.0   20 70 60 71 36 69 61 21 47 
77 3 0.0 137.0   27 52 8 54 13 57 15 37 5 
78 1 0.0 90.0   14 11 53 
78 2 0.0 134.0   38 65 66 59 19 35 7 
79 1 0.0 118.0   9 39 31 10 58 72 
79 2 0.0 117.0   40 32 25 55 18 50 
79 3 0.0 91.0   3 44 24 49 16 51 
80 1 0.0 126.0   43 41 42 64 22 62 73 1 
80 2 0.0 135.0   28 74 2 33 63 23 56 

