17676.17 
361 1 34.14 24.0   2 4 
361 2 96.57 60.0   5 13 3 11 10 1 
361 3 492.36 56.0   7 8 24 15 30 38 320 318 314 28 6 
362 1 337.69 35.0   57 59 50 52 62 79 64 69 
362 2 114.05 40.0   53 55 41 43 
362 3 314.60 42.0   54 56 63 61 71 49 51 
362 4 80.64 48.0   46 48 42 44 
362 5 1124.42 58.0   45 47 77 39 23 31 40 32 67 75 78 80 74 76 58 60 70 72 66 68 
363 1 350.26 30.0   89 91 98 100 112 109 111 
363 2 161.29 40.0   90 92 96 93 95 
363 3 207.47 44.0   94 104 101 103 85 87 
363 4 80.64 48.0   86 88 82 84 
363 5 1316.23 54.0   81 83 110 106 108 97 99 118 114 116 105 107 113 115 102 120 117 119 
364 1 1632.76 52.0   153 240 19 155 158 160 154 156 159 16 21 29 37 35 27 145 147 150 152 146 148 151 137 139 
364 2 463.17 39.0   142 144 157 138 140 143 149 129 131 
364 3 96.57 48.0   126 128 121 123 
364 4 62.43 48.0   122 124 127 125 
364 5 231.55 52.0   134 136 141 130 132 135 133 
365 1 1304.42 30.0   177 182 184 195 194 197 193 198 200 196 199 185 190 192 188 191 
365 2 161.29 40.0   172 175 171 170 173 
365 3 68.28 48.0   162 165 164 167 
365 4 88.28 48.0   161 166 168 163 
365 5 546.28 50.0   180 183 187 186 189 169 174 176 179 178 181 
366 1 68.28 32.0   210 201 203 
366 2 54.14 36.0   204 206 208 
366 3 762.09 54.0   226 209 211 233 235 232 34 18 26 17 33 238 236 230 25 228 202 
366 4 576.70 49.0   205 207 229 231 217 219 222 224 234 220 
366 5 617.10 58.0   237 239 225 227 221 223 213 215 214 216 218 212 
367 1 908.22 34.0   254 256 262 264 275 273 274 276 278 280 277 279 267 
367 2 60.64 36.0   241 245 247 
367 3 772.66 46.0   261 263 265 266 268 251 257 258 260 270 272 269 271 259 
367 4 68.28 48.0   242 244 246 248 
367 5 187.05 52.0   253 255 249 250 252 243 
368 1 737.19 57.0   313 315 9 12 14 22 20 36 317 319 305 307 294 296 
368 2 477.60 39.0   302 304 316 298 301 303 308 289 291 
368 3 553.62 42.0   286 288 310 312 306 309 311 297 299 
368 4 62.43 48.0   282 285 287 284 
368 5 199.19 60.0   300 290 293 295 292 281 283 
369 1 1341.42 33.0   337 339 344 358 356 359 353 355 65 73 360 354 357 345 347 352 346 349 
369 2 161.29 40.0   330 333 334 332 335 
369 3 68.28 48.0   324 327 322 325 
369 4 88.28 48.0   321 323 328 326 
369 5 546.28 50.0   338 341 350 348 351 329 331 336 342 340 343 

17315.60 
361 1 54.14 48.0   3 5 8 7 
361 2 34.14 24.0   6 4 
361 3 157.21 56.0   2 10 1 24 16 23 15 
362 1 157.68 7.0   79 64 69 
362 2 162.33 40.0   50 55 53 59 43 
362 3 308.74 58.0   54 62 56 61 41 52 63 71 51 
362 4 80.64 48.0   46 48 42 44 
362 5 1122.59 60.0   45 47 77 58 38 65 30 22 31 67 75 78 80 74 39 76 60 70 72 66 68 
363 1 350.26 30.0   89 91 98 100 112 109 111 
363 2 161.29 40.0   90 92 96 93 95 
363 3 207.47 44.0   94 104 101 103 85 87 
363 4 80.64 48.0   86 88 82 84 
363 5 1273.11 58.0   81 83 110 106 108 97 99 118 114 116 105 40 29 37 156 107 115 102 120 117 119 
364 1 1314.32 59.0   145 240 153 35 155 160 154 147 27 11 19 13 21 32 159 113 158 150 152 146 148 151 137 139 
364 2 463.17 39.0   142 144 157 138 140 143 149 129 131 
364 3 96.57 48.0   126 128 121 123 
364 4 62.43 48.0   122 124 127 125 
364 5 231.55 52.0   134 136 141 130 132 135 133 
365 1 1304.42 30.0   177 182 184 195 194 197 193 198 200 196 199 185 190 192 188 191 
365 2 161.29 40.0   172 175 171 170 173 
365 3 68.28 48.0   162 165 164 167 
365 4 88.28 48.0   161 166 168 163 
365 5 546.28 50.0   180 183 187 186 189 169 174 176 179 178 181 
366 1 68.28 32.0   210 201 203 
366 2 54.14 36.0   204 206 208 
366 3 860.66 56.0   226 209 211 233 235 238 33 9 18 26 34 236 230 232 228 202 
366 4 576.70 49.0   205 207 229 231 217 219 222 224 234 220 
366 5 617.10 58.0   237 239 225 227 221 223 213 215 214 216 218 212 
367 1 908.22 34.0   254 256 262 264 275 273 274 276 278 280 277 279 267 
367 2 60.64 36.0   241 245 247 
367 3 772.66 46.0   261 263 265 266 268 251 257 258 260 270 272 269 271 259 
367 4 68.28 48.0   242 244 246 248 
367 5 187.05 52.0   253 255 249 250 252 243 
368 1 1162.80 57.0   313 315 318 320 73 14 12 28 20 17 25 36 314 317 319 305 307 294 296 
368 2 477.60 39.0   302 304 316 298 301 303 308 289 291 
368 3 553.62 42.0   286 288 310 312 306 309 311 297 299 
368 4 62.43 48.0   282 285 287 284 
368 5 199.19 60.0   300 290 293 295 292 281 283 
369 1 1335.24 42.0   337 339 344 358 356 359 353 355 57 49 360 354 357 345 347 352 346 349 
369 2 161.29 40.0   330 333 334 332 335 
369 3 68.28 48.0   324 327 322 325 
369 4 88.28 48.0   321 323 328 326 
369 5 546.28 50.0   338 341 350 348 351 329 331 336 342 340 343 

17685.75 
361 1 68.28 56.0   7 15 6 4 1 
361 2 62.43 48.0   8 5 2 3 
361 3 463.15 59.0   11 18 14 23 31 22 20 12 36 28 17 34 26 19 27 37 
362 1 362.42 35.0   50 52 62 64 79 69 58 59 
362 2 96.57 40.0   41 43 53 55 
362 3 314.60 42.0   54 56 63 61 71 49 51 
362 4 68.28 48.0   42 44 46 48 
362 5 1123.00 55.0   45 47 77 65 38 73 30 57 67 75 78 80 74 39 76 60 70 72 66 68 
363 1 350.26 30.0   89 91 98 100 112 109 111 
363 2 161.29 40.0   90 92 96 93 95 
363 3 197.40 44.0   87 94 104 101 103 85 
363 4 80.64 48.0   86 88 82 84 
363 5 1316.23 54.0   81 83 110 106 108 97 99 118 114 116 105 107 113 115 102 120 117 119 
364 1 1362.92 54.0   32 40 158 160 154 156 29 21 24 16 159 150 152 146 13 148 151 147 139 153 240 35 155 
364 2 506.12 45.0   142 144 157 138 137 145 140 143 149 129 131 
364 3 96.57 48.0   126 128 121 123 
364 4 62.43 48.0   122 124 127 125 
364 5 231.55 52.0   134 136 141 130 132 135 133 
365 1 1307.06 30.0   193 198 200 196 199 185 190 192 188 191 177 182 184 195 194 197 
365 2 161.29 40.0   172 175 171 170 173 
365 3 68.28 48.0   162 165 164 167 
365 4 88.28 48.0   161 166 168 163 
365 5 546.28 50.0   180 183 187 186 189 169 174 176 179 178 181 
366 1 68.28 32.0   210 201 203 
366 2 66.50 36.0   206 208 204 
366 3 802.13 56.0   228 202 226 209 211 233 235 10 9 238 236 230 232 
366 4 576.70 49.0   205 207 229 231 217 219 222 224 234 220 
366 5 645.39 58.0   214 216 218 212 237 239 225 227 221 223 213 215 
367 1 932.86 36.0   254 256 262 264 275 273 274 276 278 315 33 280 277 279 267 
367 2 60.64 36.0   241 245 247 
367 3 735.28 46.0   251 257 258 260 270 272 269 271 259 261 263 265 266 268 
367 4 68.28 48.0   242 244 246 248 
367 5 187.05 52.0   253 255 249 250 252 243 
368 1 985.89 28.0   25 313 318 320 314 317 319 305 307 294 296 
368 2 477.60 39.0   302 304 316 298 301 303 308 289 291 
368 3 553.62 42.0   286 288 310 312 306 309 311 297 299 
368 4 62.43 48.0   282 285 287 284 
368 5 199.19 60.0   300 290 293 295 292 281 283 
369 1 1304.42 30.0   337 339 344 358 356 359 353 355 360 354 357 345 347 352 346 349 
369 2 161.29 40.0   330 333 334 332 335 
369 3 68.28 48.0   324 327 322 325 
369 4 88.28 48.0   321 323 328 326 
369 5 546.28 50.0   338 341 350 348 351 329 331 336 342 340 343 

17416.40 
361 1 100.64 56.0   10 3 21 13 8 5 
361 2 86.50 52.0   7 16 15 6 4 
361 3 299.92 55.0   11 19 26 2 20 28 14 31 39 22 12 
362 1 383.24 37.0   71 49 50 52 62 64 79 69 
362 2 96.57 40.0   41 43 53 55 
362 3 302.58 40.0   54 56 63 61 57 59 51 
362 4 80.64 48.0   46 48 42 44 
362 5 1124.73 60.0   45 47 77 158 32 24 23 40 67 75 78 80 74 76 58 60 70 72 66 68 
363 1 350.26 30.0   89 91 98 100 112 109 111 
363 2 161.29 40.0   90 92 96 93 95 
363 3 207.47 44.0   94 104 101 103 85 87 
363 4 68.28 48.0   82 84 86 88 
363 5 1316.23 54.0   81 83 110 106 108 97 99 118 114 116 105 107 113 115 102 120 117 119 
364 1 1332.04 32.0   153 35 155 160 154 29 37 156 159 145 147 150 152 146 148 151 137 139 
364 2 463.17 39.0   142 144 157 138 140 143 149 129 131 
364 3 96.57 48.0   126 128 121 123 
364 4 62.43 48.0   122 124 127 125 
364 5 231.55 52.0   134 136 141 130 132 135 133 
365 1 1304.42 30.0   177 182 184 195 194 197 193 198 200 196 199 185 190 192 188 191 
365 2 161.29 40.0   172 175 171 170 173 
365 3 68.28 48.0   162 165 164 167 
365 4 88.28 48.0   161 166 168 163 
365 5 546.28 50.0   180 183 187 186 189 169 174 176 179 178 181 
366 1 68.28 32.0   210 201 203 
366 2 66.50 36.0   206 208 204 
366 3 840.40 59.0   226 209 211 233 235 34 27 240 232 1 25 280 236 230 238 228 202 
366 4 576.70 49.0   205 207 229 231 217 219 222 224 234 220 
366 5 617.10 58.0   237 239 225 227 221 223 213 215 214 216 218 212 
367 1 791.24 34.0   254 256 262 264 275 273 274 276 278 279 315 277 267 
367 2 60.64 36.0   241 245 247 
367 3 772.66 46.0   261 263 265 266 268 251 257 258 260 270 272 269 271 259 
367 4 68.28 48.0   242 244 246 248 
367 5 187.05 52.0   253 255 249 250 252 243 
368 1 1071.41 47.0   354 313 318 320 30 36 317 9 18 17 33 314 319 305 307 294 296 
368 2 477.60 39.0   302 304 316 298 301 303 308 289 291 
368 3 553.62 42.0   286 288 310 312 306 309 311 297 299 
368 4 62.43 48.0   282 285 287 284 
368 5 199.19 60.0   300 290 293 295 292 281 283 
369 1 1206.46 33.0   337 339 344 358 356 359 353 355 73 38 65 360 357 345 347 352 346 349 
369 2 161.29 40.0   330 333 334 332 335 
369 3 68.28 48.0   324 327 322 325 
369 4 88.28 48.0   321 323 328 326 
369 5 546.28 50.0   338 341 350 348 351 329 331 336 342 340 343 

16940.19 
361 1 234.26 53.0   11 24 158 113 75 32 8 5 2 
361 2 128.19 58.0   7 15 22 30 14 6 4 
361 3 470.52 54.0   21 13 16 31 58 23 10 17 26 29 18 20 
362 1 539.90 36.0   57 118 59 50 52 62 64 79 69 
362 2 114.05 40.0   53 55 41 43 
362 3 314.60 42.0   54 56 63 61 71 49 51 
362 4 80.64 48.0   46 48 42 44 
362 5 955.87 48.0   45 47 77 67 65 38 73 78 80 74 39 76 60 70 72 66 68 
363 1 381.15 30.0   98 100 112 109 111 89 91 
363 2 161.29 40.0   90 92 96 93 95 
363 3 197.40 44.0   87 94 104 101 103 85 
363 4 68.28 48.0   82 84 86 88 
363 5 1017.57 54.0   81 83 110 106 108 97 99 159 114 116 105 40 107 115 102 120 117 119 
364 1 1182.25 29.0   153 35 155 160 154 156 37 145 147 150 152 146 148 151 137 139 
364 2 463.17 39.0   142 144 157 138 140 143 149 129 131 
364 3 96.57 48.0   126 128 121 123 
364 4 62.43 48.0   122 124 127 125 
364 5 231.55 52.0   134 136 141 130 132 135 133 
365 1 1307.06 30.0   193 198 200 196 199 185 190 192 188 191 177 182 184 195 194 197 
365 2 161.29 40.0   172 175 171 170 173 
365 3 68.28 48.0   162 165 164 167 
365 4 88.28 48.0   161 166 168 163 
365 5 546.28 50.0   180 183 187 186 189 169 174 176 179 178 181 
366 1 56.57 32.0   203 210 201 
366 2 66.50 36.0   206 208 204 
366 3 779.97 60.0   226 209 211 233 235 27 240 19 3 232 34 25 33 236 228 202 
366 4 576.70 49.0   205 207 229 231 217 219 222 224 234 220 
366 5 617.10 58.0   237 239 225 227 221 223 213 215 214 216 218 212 
367 1 799.11 36.0   254 256 262 264 275 273 274 276 278 280 238 230 277 267 
367 2 60.64 36.0   241 245 247 
367 3 772.66 46.0   261 263 265 266 268 251 257 258 260 270 272 269 271 259 
367 4 68.28 48.0   242 244 246 248 
367 5 187.05 52.0   253 255 249 250 252 243 
368 1 765.47 48.0   313 354 319 318 317 28 1 9 315 305 279 314 294 296 
368 2 428.21 39.0   304 302 316 298 301 303 308 289 291 
368 3 573.35 53.0   286 288 310 312 12 36 309 311 297 299 307 306 
368 4 62.43 48.0   282 285 287 284 
368 5 199.19 60.0   300 290 293 295 292 281 283 
369 1 1191.90 30.0   337 339 344 358 356 359 353 355 320 360 357 345 347 352 346 349 
369 2 161.29 40.0   330 333 334 332 335 
369 3 68.28 48.0   324 327 322 325 
369 4 88.28 48.0   321 323 328 326 
369 5 546.28 50.0   338 341 350 348 351 329 331 336 342 340 343 

17604.91 
361 1 34.14 24.0   7 5 
361 2 82.43 52.0   3 10 9 1 2 
361 3 68.28 40.0   4 12 14 6 
361 4 518.30 53.0   8 23 16 156 154 232 25 17 20 22 15 31 39 
362 1 418.58 35.0   50 52 62 64 79 69 57 59 
362 2 114.05 40.0   53 55 41 43 
362 3 314.60 42.0   54 56 63 61 71 49 51 
362 4 80.64 48.0   46 48 42 44 
362 5 1114.01 55.0   45 47 77 158 32 40 65 38 30 73 78 80 74 76 58 60 70 72 66 68 
363 1 381.15 30.0   98 100 112 109 111 89 91 
363 2 161.29 40.0   90 92 96 93 95 
363 3 207.47 44.0   94 104 101 103 85 87 
363 4 68.28 48.0   82 84 86 88 
363 5 1210.96 57.0   81 83 110 106 108 97 99 118 114 116 105 113 67 75 107 115 102 120 117 119 
364 1 1292.03 55.0   153 198 35 11 21 155 160 159 24 13 29 37 145 147 150 152 146 148 151 137 139 
364 2 463.17 39.0   142 144 157 138 140 143 149 129 131 
364 3 96.57 48.0   126 128 121 123 
364 4 62.43 48.0   122 124 127 125 
364 5 231.55 52.0   134 136 141 130 132 135 133 
365 1 1237.83 30.0   193 240 196 200 199 185 190 192 188 191 177 182 184 195 194 197 
365 2 161.29 40.0   172 175 171 170 173 
365 3 68.28 48.0   162 165 164 167 
365 4 88.28 48.0   161 166 168 163 
365 5 546.28 50.0   180 183 187 186 189 169 174 176 179 178 181 
366 1 68.28 32.0   210 201 203 
366 2 66.50 36.0   206 208 204 
366 3 912.91 53.0   226 209 211 233 235 238 33 34 26 18 19 27 236 314 230 228 202 
366 4 576.70 49.0   205 207 229 231 217 219 222 224 234 220 
366 5 617.10 58.0   237 239 225 227 221 223 213 215 214 216 218 212 
367 1 908.22 34.0   254 256 262 264 275 273 274 276 278 280 277 279 267 
367 2 60.64 36.0   241 245 247 
367 3 772.66 46.0   261 263 265 266 268 251 257 258 260 270 272 269 271 259 
367 4 68.28 48.0   242 244 246 248 
367 5 169.57 52.0   243 253 255 249 250 252 
368 1 888.32 29.0   313 315 318 320 28 36 317 319 305 307 294 296 
368 2 477.60 39.0   302 304 316 298 301 303 308 289 291 
368 3 566.02 42.0   310 312 306 309 311 297 299 286 288 
368 4 62.43 48.0   282 285 287 284 
368 5 199.19 60.0   300 290 293 295 292 281 283 
369 1 1304.42 30.0   337 339 344 358 356 359 353 355 360 354 357 345 347 352 346 349 
369 2 161.29 40.0   330 333 334 332 335 
369 3 68.28 48.0   324 327 322 325 
369 4 88.28 48.0   321 323 328 326 
369 5 546.28 50.0   338 341 350 348 351 329 331 336 342 340 343 

17703.80 
361 1 60.00 60.0   2 3 5 8 7 
361 2 102.43 60.0   6 14 12 9 1 4 
361 3 550.45 58.0   11 19 16 24 15 31 23 58 22 17 25 314 36 20 
362 1 590.85 39.0   57 158 159 32 59 50 52 62 64 79 69 
362 2 114.05 40.0   53 55 41 43 
362 3 314.60 42.0   54 56 63 61 71 49 51 
362 4 80.64 48.0   46 48 42 44 
362 5 959.63 48.0   45 47 77 65 38 30 73 78 80 74 39 76 60 70 72 66 68 
363 1 381.15 30.0   98 100 112 109 111 89 91 
363 2 161.29 40.0   90 92 96 93 95 
363 3 207.47 44.0   94 104 101 103 85 87 
363 4 80.64 48.0   86 88 82 84 
363 5 1199.81 58.0   81 83 110 106 108 97 99 118 114 116 67 40 75 113 105 107 115 102 120 117 119 
364 1 1268.63 45.0   153 35 27 155 160 154 29 21 13 37 156 145 147 150 152 146 148 151 137 139 
364 2 463.17 39.0   142 144 157 138 140 143 149 129 131 
364 3 96.57 48.0   126 128 121 123 
364 4 62.43 48.0   122 124 127 125 
364 5 231.55 52.0   134 136 141 130 132 135 133 
365 1 1307.06 30.0   193 198 200 196 199 185 190 192 188 191 177 182 184 195 194 197 
365 2 161.29 40.0   172 175 171 170 173 
365 3 68.28 48.0   162 165 164 167 
365 4 88.28 48.0   161 166 168 163 
365 5 546.28 50.0   180 183 187 186 189 169 174 176 179 178 181 
366 1 56.57 32.0   203 210 201 
366 2 66.50 36.0   206 208 204 
366 3 948.87 57.0   226 209 211 233 235 238 33 10 18 26 34 240 236 230 232 228 202 
366 4 576.70 49.0   205 207 229 231 217 219 222 224 234 220 
366 5 617.10 58.0   237 239 225 227 221 223 213 215 214 216 218 212 
367 1 908.22 34.0   254 256 262 264 275 273 274 276 278 280 277 279 267 
367 2 60.64 36.0   241 245 247 
367 3 772.66 46.0   261 263 265 266 268 251 257 258 260 270 272 269 271 259 
367 4 68.28 48.0   242 244 246 248 
367 5 169.57 52.0   243 253 255 249 250 252 
368 1 888.32 28.0   313 315 318 320 28 317 319 305 307 294 296 
368 2 477.60 39.0   302 304 316 298 301 303 308 289 291 
368 3 566.02 42.0   310 312 306 309 311 297 299 286 288 
368 4 62.43 48.0   282 285 287 284 
368 5 199.19 60.0   300 290 293 295 292 281 283 
369 1 1304.42 30.0   337 339 344 358 356 359 353 355 360 354 357 345 347 352 346 349 
369 2 161.29 40.0   330 333 334 332 335 
369 3 68.28 48.0   324 327 322 325 
369 4 88.28 48.0   321 323 328 326 
369 5 546.28 50.0   338 341 350 348 351 329 331 336 342 340 343 

17637.90 
361 1 34.14 24.0   2 5 
361 2 54.14 48.0   1 4 6 7 
361 3 431.09 50.0   8 113 32 31 23 15 17 25 22 30 73 14 
362 1 470.67 41.0   50 52 62 64 79 69 16 158 40 59 
362 2 114.05 40.0   53 55 41 43 
362 3 314.60 42.0   54 56 63 61 71 49 51 
362 4 68.28 48.0   42 44 46 48 
362 5 1218.99 56.0   45 47 77 39 74 58 160 67 75 78 80 57 65 76 60 70 72 66 68 
363 1 381.15 30.0   98 100 112 109 111 89 91 
363 2 161.29 40.0   90 92 96 93 95 
363 3 197.40 44.0   87 94 104 101 103 85 
363 4 68.28 48.0   82 84 86 88 
363 5 1242.88 57.0   81 83 110 106 108 97 99 118 114 116 105 24 107 115 102 120 117 119 
364 1 1247.00 59.0   153 232 35 240 19 11 27 154 13 21 29 37 156 159 145 147 150 152 146 148 151 137 139 
364 2 523.17 41.0   142 144 157 155 200 138 140 143 149 129 131 
364 3 96.57 48.0   126 128 121 123 
364 4 62.43 48.0   122 124 127 125 
364 5 231.55 52.0   134 136 141 130 132 135 133 
365 1 1288.27 49.0   193 198 3 10 196 199 185 190 192 188 191 177 182 184 195 194 197 
365 2 161.29 40.0   172 175 171 170 173 
365 3 68.28 48.0   162 165 164 167 
365 4 88.28 48.0   161 166 168 163 
365 5 546.28 50.0   180 183 187 186 189 169 174 176 179 178 181 
366 1 68.28 32.0   210 201 203 
366 2 54.14 36.0   204 206 208 
366 3 714.40 46.0   33 238 236 230 18 26 34 228 202 226 209 211 233 235 
366 4 576.70 49.0   205 207 229 231 217 219 222 224 234 220 
366 5 617.10 58.0   237 239 225 227 221 223 213 215 214 216 218 212 
367 1 908.22 34.0   254 256 262 264 275 273 274 276 278 280 277 279 267 
367 2 60.64 36.0   241 245 247 
367 3 772.66 46.0   261 263 265 266 268 251 257 258 260 270 272 269 271 259 
367 4 68.28 48.0   242 244 246 248 
367 5 169.57 52.0   243 253 255 249 250 252 
368 1 1096.39 51.0   313 315 9 12 20 28 36 318 38 320 314 317 319 305 307 294 296 
368 2 477.60 39.0   302 304 316 298 301 303 308 289 291 
368 3 553.62 42.0   286 288 310 312 306 309 311 297 299 
368 4 62.43 48.0   282 285 287 284 
368 5 199.19 60.0   300 290 293 295 292 281 283 
369 1 1304.42 30.0   337 339 344 358 356 359 353 355 360 354 357 345 347 352 346 349 
369 2 161.29 40.0   330 333 334 332 335 
369 3 68.28 48.0   324 327 322 325 
369 4 88.28 48.0   321 323 328 326 
369 5 546.28 50.0   338 341 350 348 351 329 331 336 342 340 343 

17755.26 
361 1 66.50 44.0   5 16 8 7 
361 2 74.79 44.0   6 2 10 3 
361 3 267.44 57.0   13 21 153 19 11 18 26 25 17 9 1 
362 1 605.32 59.0   50 52 69 64 79 62 73 22 57 65 14 15 40 59 
362 2 114.05 40.0   53 55 41 43 
362 3 314.60 42.0   54 56 63 61 71 49 51 
362 4 68.28 48.0   42 44 46 48 
362 5 1315.99 59.0   45 47 77 39 113 159 32 67 31 23 75 78 80 74 76 58 60 70 72 66 68 
363 1 381.15 30.0   98 100 112 109 111 89 91 
363 2 161.29 40.0   90 92 96 93 95 
363 3 207.47 44.0   94 104 101 103 85 87 
363 4 80.64 48.0   86 88 82 84 
363 5 1276.46 59.0   81 83 110 106 108 97 99 118 114 116 105 24 37 156 107 115 102 120 117 119 
364 1 1195.00 31.0   150 152 146 148 151 137 29 139 155 158 160 154 27 35 145 147 
364 2 463.17 39.0   142 144 157 138 140 143 149 129 131 
364 3 96.57 48.0   126 128 121 123 
364 4 62.43 48.0   122 124 127 125 
364 5 231.55 52.0   134 136 141 130 132 135 133 
365 1 1323.39 33.0   193 232 240 198 200 196 199 185 190 192 188 191 177 182 184 195 194 197 
365 2 161.29 40.0   172 175 171 170 173 
365 3 68.28 48.0   162 165 164 167 
365 4 88.28 48.0   161 166 168 163 
365 5 546.28 50.0   180 183 187 186 189 169 174 176 179 178 181 
366 1 68.28 32.0   210 201 203 
366 2 54.14 36.0   204 206 208 
366 3 682.55 40.0   33 238 236 230 34 228 202 226 209 211 233 235 
366 4 576.70 49.0   205 207 229 231 217 219 222 224 234 220 
366 5 617.10 58.0   237 239 225 227 221 223 213 215 214 216 218 212 
367 1 908.22 34.0   254 256 262 264 275 273 274 276 278 280 277 279 267 
367 2 60.64 36.0   241 245 247 
367 3 772.66 46.0   261 263 265 266 268 251 257 258 260 270 272 269 271 259 
367 4 68.28 48.0   242 244 246 248 
367 5 169.57 52.0   243 253 255 249 250 252 
368 1 1133.08 57.0   313 315 317 28 12 4 20 30 318 38 320 36 314 319 305 307 294 296 
368 2 477.60 39.0   302 304 316 298 301 303 308 289 291 
368 3 566.02 42.0   310 312 306 309 311 297 299 286 288 
368 4 62.43 48.0   282 285 287 284 
368 5 199.19 60.0   300 290 293 295 292 281 283 
369 1 1304.42 30.0   337 339 344 358 356 359 353 355 360 354 357 345 347 352 346 349 
369 2 161.29 40.0   330 333 334 332 335 
369 3 68.28 48.0   324 327 322 325 
369 4 88.28 48.0   321 323 328 326 
369 5 546.28 50.0   338 341 350 348 351 329 331 336 342 340 343 

17637.01 
361 1 20.00 12.0   7 
361 2 108.93 56.0   16 8 15 23 6 4 
361 3 100.64 60.0   5 13 3 10 9 2 
362 1 473.93 36.0   56 53 61 62 79 69 113 57 59 
362 2 96.57 40.0   50 52 41 43 
362 3 241.20 42.0   54 71 63 64 55 49 51 
362 4 80.64 48.0   46 48 42 44 
362 5 1173.34 59.0   45 47 77 39 31 22 38 73 65 67 75 78 80 74 76 58 60 70 72 66 68 
363 1 435.80 32.0   98 114 159 100 112 109 111 89 91 
363 2 161.29 40.0   90 92 96 93 95 
363 3 207.47 44.0   94 104 101 103 85 87 
363 4 80.64 48.0   86 88 82 84 
363 5 1239.08 60.0   81 83 110 106 108 97 99 32 40 158 118 116 105 24 107 115 102 120 117 119 
364 1 1346.85 50.0   153 19 35 155 160 154 156 29 21 37 11 27 240 145 147 150 152 146 148 151 137 139 
364 2 463.17 39.0   142 144 157 138 140 143 149 129 131 
364 3 96.57 48.0   126 128 121 123 
364 4 62.43 48.0   122 124 127 125 
364 5 231.55 52.0   134 136 141 130 132 135 133 
365 1 1304.42 30.0   177 182 184 195 194 197 193 198 200 196 199 185 190 192 188 191 
365 2 161.29 40.0   172 175 171 170 173 
365 3 68.28 48.0   162 165 164 167 
365 4 88.28 48.0   161 166 168 163 
365 5 546.28 50.0   180 183 187 186 189 169 174 176 179 178 181 
366 1 68.28 32.0   210 201 203 
366 2 54.14 36.0   204 206 208 
366 3 874.80 60.0   226 209 211 233 235 238 33 1 18 26 34 236 230 232 228 202 
366 4 576.70 49.0   205 207 229 231 217 219 222 224 234 220 
366 5 617.10 58.0   237 239 225 227 221 223 213 215 214 216 218 212 
367 1 908.22 34.0   254 256 262 264 275 273 274 276 278 280 277 279 267 
367 2 60.64 36.0   241 245 247 
367 3 772.66 46.0   261 263 265 266 268 251 257 258 260 270 272 269 271 259 
367 4 68.28 48.0   242 244 246 248 
367 5 187.05 52.0   253 255 249 250 252 243 
368 1 1199.08 58.0   313 315 17 20 318 320 30 14 12 28 25 36 314 317 319 305 307 294 296 
368 2 477.60 39.0   302 304 316 298 301 303 308 289 291 
368 3 553.62 42.0   286 288 310 312 306 309 311 297 299 
368 4 62.43 48.0   282 285 287 284 
368 5 199.19 60.0   300 290 293 295 292 281 283 
369 1 1304.42 30.0   337 339 344 358 356 359 353 355 360 354 357 345 347 352 346 349 
369 2 161.29 40.0   330 333 334 332 335 
369 3 68.28 48.0   324 327 322 325 
369 4 88.28 48.0   321 323 328 326 
369 5 546.28 50.0   338 341 350 348 351 329 331 336 342 340 343 

